month,year,water level,precipitation,flow,evaporation,pre-error approximation,actual,residuals
1,1988,183.29,0.09561,0.7447999999999999,0.02289,182.8002908860673,183.29,0.41970911393269716
2,1988,183.22,0.08477,0.92402,0.03598,182.83629356703497,183.22,0.3337064329650161
3,1988,183.17,0.04761,1.30492,0.00825,183.10718385905358,183.17,0.092816140946411
4,1988,183.2,0.04684000000000001,1.58457,0.0355,183.45846005549626,183.2,-0.21846005549625147
5,1988,183.24,0.050159999999999996,0.89001,0.02357,182.66590177992308,183.24,0.5940982200769156
6,1988,183.26,0.05762,0.24428,0.02752,181.94870900046553,183.26,1.321290999534483
7,1988,183.27,0.08070000000000001,0.23942,0.01303,182.15511035928458,183.27,1.2348896407154086
8,1988,183.39,0.07099,0.20323,0.03625,183.18949234169875,183.39,0.25050765830124533
9,1988,183.44,0.07953,0.25974,0.0101,182.50304273507422,183.44,0.9069572649257793
10,1988,183.41,0.023600000000000003,0.57765,0.02866,181.89518297790434,183.41,1.5648170220956672
11,1988,183.46,0.06586,1.24237,0.01776,184.25643294534956,183.46,-0.7964329453495509
12,1988,183.46,0.06067,0.64287,0.045509999999999995,183.06365327652048,183.46,0.34634672347951323
1,1989,183.41,0.15884,0.59657,0.03343,182.7753962588816,183.41,0.5546037411183988
2,1989,183.33,0.05047,0.56074,0.019850000000000003,182.64694378862185,183.33,0.6330562113781468
3,1989,183.28,0.054700000000000006,1.1438599999999999,0.0025800000000000003,182.81233638909237,183.28,0.49766361090763667
4,1989,183.31,0.09018999999999999,1.92308,0.02111,183.74563792091186,183.31,-0.3556379209118745
5,1989,183.39,0.08951,1.6141400000000001,0.01131,183.39827453512734,183.39,0.10172546487265777
6,1989,183.5,0.04034,1.2273900000000002,0.01595,183.8037647891803,183.5,-0.2737647891802908
7,1989,183.53,0.07911,0.38083,0.04485,183.47873697622325,183.53,0.041263023776764385
8,1989,183.52,0.0715,0.32308,0.03179,183.0513625460096,183.52,0.44863745399038635
9,1989,183.5,0.07732,0.48877,0.035590000000000004,183.34697621711837,183.5,0.06302378288162913
10,1989,183.41,0.03682,0.60387,0.046200000000000005,182.9845444540129,183.41,0.3954555459870903
11,1989,183.38,0.061450000000000005,1.34119,0.02953,183.50308861166835,183.38,-0.23308861166833594
12,1989,183.27,0.08458,0.74556,0.00332,182.64523175557196,183.27,0.5447682444280417
1,1990,183.19,0.13061,1.3689200000000001,0.015099999999999999,183.02446554604055,183.19,0.10553445395945005
2,1990,183.13,0.07138,1.93113,0.032229999999999995,184.49271092063023,183.13,-1.402710920630227
3,1990,183.09,0.1395,2.18142,0.03566,183.85513588355712,183.09,-0.7751358835571125
4,1990,183.08,0.08142,2.2061100000000002,0.04734,184.11663512227977,183.08,-0.9366351222797675
5,1990,183.18,0.12938,1.74788,0.04985,184.28799587614114,183.18,-1.0379958761411388
6,1990,183.25,0.10840000000000001,0.63683,0.04286,182.57457955433557,183.25,0.7754204456644231
7,1990,183.35,0.09527,0.37099,0.0516,181.87027543962643,183.35,1.4897245603735882
8,1990,183.36,0.06431999999999999,0.25945999999999997,0.04209,182.28505124810138,183.36,1.0949487518986132
9,1990,183.38,0.05788,0.2319,0.06687,182.20348190065593,183.38,1.186518099344056
10,1990,183.39,0.07989,0.9965900000000001,0.05742,183.53503279376883,183.39,-0.15503279376883938
11,1990,183.38,0.11642,1.11217,0.03533,183.58212472518306,183.38,-0.27212472518306186
12,1990,183.31,0.05942,1.88951,0.021,184.22757917264602,183.31,-0.9975791726460272
1,1991,183.23,0.0366,1.7242,0.05251,183.5442947313082,183.23,-0.38429473130821634
2,1991,183.16,0.10747,1.36231,0.04616,183.98801977138484,183.16,-0.8480197713848554
3,1991,183.14,0.05801,2.39518,0.04975,184.37323022933515,183.14,-1.1532302293351506
4,1991,183.22,0.0808,2.41547,0.03019,184.23340858519086,183.22,-0.9134085851908651
5,1991,183.32,0.06795999999999999,0.9198,0.04392,183.38138147705666,183.32,-0.01138147705665915
6,1991,183.37,0.09939,0.37055,0.05962,182.17190756973912,183.37,1.288092430260889
7,1991,183.46,0.06542,0.22858,0.07110999999999999,182.9212645253572,183.46,0.5387354746428059
8,1991,183.46,0.07121,0.20517,0.07053,182.87041942681788,183.46,0.5695805731821224
9,1991,183.44,0.07156,0.24508000000000002,0.06406,182.46304043230242,183.44,0.966959567697586
10,1991,183.43,0.09899,0.40794,0.07628,182.4563985458488,183.43,1.0036014541512088
11,1991,183.46,0.1242,0.52051,0.07571,182.81097100565927,183.46,0.6390289943407197
12,1991,183.45,0.11503000000000001,0.90212,0.052649999999999995,183.3101592967584,183.45,0.05984070324160484
1,1992,183.37,0.02942,0.88419,0.08826,183.09755364343056,183.37,0.2024463565694532
2,1992,183.3,0.09040000000000001,0.84612,0.07165,183.01662109761358,183.3,0.2333789023864199
3,1992,183.25,0.05415,1.66207,0.0441,183.6805479256405,183.25,-0.4605479256404976
4,1992,183.22,0.06408,2.5566500000000003,0.05926,184.44767054027778,183.22,-1.1276705402777907
5,1992,183.32,0.07748000000000001,1.15905,0.06053,183.49158244468413,183.32,-0.1315824446841134
6,1992,183.36,0.07604000000000001,0.5381699999999999,0.04811,183.04617108809978,183.36,0.40382891190020587
7,1992,183.45,0.09259,0.76965,0.07008,182.93753548145833,183.45,0.5324645185416728
8,1992,183.47,0.1077,0.89678,0.07892,183.00632967943898,183.47,0.5136703205610331
9,1992,183.52,0.09562999999999999,0.8940499999999999,0.06968,182.8240233384992,183.52,0.7159766615008039
10,1992,183.54,0.07412,0.92732,0.07236,182.3674119990821,183.54,1.132588000917906
11,1992,183.5,0.07248,2.01537,0.0704,184.06831087250384,183.5,-0.5983108725038448
12,1992,183.47,0.08947,1.53404,0.06628,184.14389879256728,183.47,-0.7338987925672882
1,1993,183.41,0.04825,2.24442,0.07002,184.26368504738178,183.41,-0.9436850473817913
2,1993,183.32,0.06595999999999999,0.95056,0.07426,182.36734727747694,183.32,0.8726527225230711
3,1993,183.24,0.0911,1.36624,0.06444,183.2428673107612,183.24,-0.002867310761189401
4,1993,183.24,0.09008,4.17483,0.04987,186.7573310904245,183.24,-3.377331090424491
5,1993,183.38,0.03443,1.3388699999999998,0.06418,184.323623847065,183.38,-0.8436238470650039
6,1993,183.48,0.05421,0.82097,0.06817000000000001,183.33165402038532,183.48,0.22834597961468717
7,1993,183.56,0.07748000000000001,0.33031,0.07567,182.75632416551014,183.56,0.8636758344898681
8,1993,183.62,0.05919,0.2735,0.07193000000000001,182.42709614597348,183.62,1.1929038540265253
9,1993,183.62,0.13598,0.38475,0.09331999999999999,182.59082795868713,183.62,0.9891720413128837
10,1993,183.58,0.08673,0.6902,0.07458,183.29646085911824,183.58,0.22353914088176907
11,1993,183.52,0.08757,1.06154,0.06519,182.92789047112026,183.52,0.5321095288797437
12,1993,183.46,0.06484000000000001,1.3106600000000002,0.05096,183.7877964048729,183.46,-0.39779640487290635
1,1994,183.39,0.09356,0.6295599999999999,0.05262,183.58334697459978,183.39,-0.2633469745997843
2,1994,183.32,0.07742,0.96701,0.06909,182.6794537347005,183.32,0.6005462652994993
3,1994,183.28,0.08881,1.64304,0.05781,184.23181054691878,183.28,-0.9318105469187685
4,1994,183.3,0.09713,3.1379200000000003,0.05045,185.38364380077215,183.3,-1.9836438007721426
5,1994,183.4,0.08236,1.2956800000000002,0.05374,184.15765676305892,183.4,-0.6976567630589159
6,1994,183.46,0.10645,0.6565,0.07506,182.96488222189708,183.46,0.5651177781029162
7,1994,183.53,0.07952,0.43843,0.08231999999999999,182.7035944551306,183.53,0.8564055448694035
8,1994,183.56,0.07515999999999999,0.42668,0.0726,183.4483986668195,183.56,0.14160133318051749
9,1994,183.59,0.07016,0.35052999999999995,0.06284000000000001,182.98354719638095,183.59,0.5764528036190484
10,1994,183.56,0.07465000000000001,0.45525,0.04945,182.40435303025592,183.56,1.095646969744081
11,1994,183.5,0.07214,0.96674,0.053219999999999996,183.3719812034848,183.5,0.04801879651517993
12,1994,183.42,0.12483,1.08283,0.05007,183.80517348762416,183.42,-0.47517348762414713
1,1995,183.33,0.05263,1.71044,0.04248,183.63176357177377,183.33,-0.3917635717737653
2,1995,183.24,0.09221,0.80477,0.05213,183.0138006472666,183.24,0.17619935273339138
3,1995,183.19,0.06541,1.49569,0.06776,182.7822805736479,183.19,0.4177194263520789
4,1995,183.2,0.053950000000000005,0.68713,0.038560000000000004,182.45310692234813,183.2,0.8068930776518641
5,1995,183.26,0.08903,0.56852,0.04746,182.57684043607338,183.26,0.7331595639266197
6,1995,183.31,0.09146,0.41473000000000004,0.05154,183.22674380509582,183.31,0.14325619490418262
7,1995,183.37,0.05982,0.24563,0.07714,182.9357618411644,183.37,0.4642381588355988
8,1995,183.4,0.08187,0.23436,0.0528,182.52739563918226,183.4,0.9126043608177383
9,1995,183.44,0.06459000000000001,0.24891999999999997,0.05133,181.81794608950304,183.44,1.6720539104969703
10,1995,183.49,0.032060000000000005,0.93191,0.0677,183.39525470407287,183.49,0.08474529592712088
11,1995,183.48,0.06299,1.6570799999999999,0.04947,183.96976159253998,183.48,-0.559761592539985
12,1995,183.41,0.06833,0.98276,0.060039999999999996,183.47638297139565,183.41,-0.1363829713956477
1,1996,183.34,0.11101000000000001,1.93973,0.06536,184.1017269527032,183.34,-0.7817269527031954
2,1996,183.32,0.053009999999999995,1.98796,0.09381999999999999,184.55304799624508,183.32,-1.2530479962450727
3,1996,183.3,0.03201,1.60256,0.07689,183.1841020265626,183.3,0.1258979734373895
4,1996,183.31,0.10238,2.6309699999999996,0.07879000000000001,184.89031772392087,183.31,-1.430317723920865
5,1996,183.46,0.09486,2.61748,0.06329,185.10398452738943,183.46,-1.5039845273894343
6,1996,183.6,0.06676,1.10474,0.06637,182.89092156105144,183.6,0.8090784389485464
7,1996,183.7,0.13022999999999998,0.72063,0.08351,182.5572611913505,183.7,1.2227388086494955
8,1996,183.78,0.05391,0.38953,0.08676,183.31415466986815,183.78,0.4658453301318559
9,1996,183.78,0.07479999999999999,0.58527,0.06199,183.65929097506572,183.78,0.0507090249342923
10,1996,183.71,0.06933,0.9999,0.05289,183.74258900282453,183.71,-0.07258900282454306
11,1996,183.67,0.08447,1.85486,0.060450000000000004,184.39974929089547,183.67,-0.7697492908954757
12,1996,183.63,0.08728,2.3151100000000002,0.062439999999999996,184.74242292213466,183.63,-1.1524229221346616
1,1997,183.59,0.07572,1.5812599999999999,0.07833,183.59774910712727,183.59,-0.057749107127278876
2,1997,183.54,0.1047,1.69503,0.05921,184.08897066616638,183.54,-0.5789706661663843
3,1997,183.51,0.07623999999999999,2.4010100000000003,0.08504,184.50765476130582,183.51,-0.957654761305804
4,1997,183.55,0.1134,2.2862199999999997,0.08618,184.86153890772164,183.55,-1.2215389077216514
5,1997,183.64,0.0443,1.39097,0.08738,184.05362475920916,183.64,-0.4036247592091513
6,1997,183.65,0.0703,0.6958300000000001,0.09467,182.33448932546062,183.65,1.3855106745393755
7,1997,183.72,0.07372,0.38708,0.08606,182.16886694835742,183.72,1.511133051642588
8,1997,183.68,0.09212999999999999,0.30172000000000004,0.10006,183.02785786689498,183.68,0.6121421331050101
9,1997,183.64,0.08276,0.38229,0.06823,182.40397795420918,183.64,1.2060220457908315
10,1997,183.61,0.05717,0.54935,0.09179999999999999,182.18430903497202,183.61,1.3756909650279852
11,1997,183.56,0.073,1.14771,0.08785,183.3002169754349,183.56,0.1797830245650971
12,1997,183.48,0.09304000000000001,1.16832,0.07506,183.84822471229327,183.48,-0.44822471229326766
1,1998,183.4,0.10357999999999999,2.79627,0.06722,184.12046722579484,183.4,-0.7804672257948368
2,1998,183.34,0.06038,1.5337,0.0932,183.87853665107298,183.34,-0.5885366510729853
3,1998,183.29,0.0165,2.55917,0.06709999999999999,184.59751553915632,183.29,-1.2475155391563248
4,1998,183.35,0.02646,1.7786300000000002,0.07415000000000001,184.73094024124543,183.35,-1.3909402412454313
5,1998,183.34,0.11017,0.81368,0.09006,183.21838410717606,183.34,0.17161589282392242
6,1998,183.39,0.03199,0.67932,0.08262,182.71077353905287,183.39,0.6992264609471306
7,1998,183.41,0.02013,0.82626,0.08076,183.48139873762233,183.41,-0.10139873762233265
8,1998,183.38,0.08379,0.4502,0.052829999999999995,183.14882314651953,183.38,0.18117685348047985
9,1998,183.33,0.09015000000000001,0.40245,0.09755,182.64812831476567,183.33,0.6118716852343198
10,1998,183.26,0.10998000000000001,0.47541,0.08829000000000001,182.8168957754771,183.26,0.39310422452291505
11,1998,183.21,0.09619,0.50608,0.05991,181.71763321954475,183.21,1.4723667804552463
12,1998,183.19,0.03073,0.58208,0.08735,182.4075585893234,183.19,0.7124414106766039
1,1999,183.12,0.07814,1.01149,0.06563,182.42566237869485,183.12,0.674337621305142
2,1999,183.1,0.0562,1.31716,0.05034,182.91911938528958,183.1,0.1408806147104258
3,1999,183.06,0.07665000000000001,1.45505,0.07167,183.60152640621956,183.06,-0.491526406219549
4,1999,183.11,0.057659999999999996,1.64397,0.07737000000000001,183.38350813360321,183.11,-0.18350813360322604
5,1999,183.2,0.07325,0.51024,0.07679000000000001,182.00929596447727,183.2,1.3007040355227275
6,1999,183.31,0.11159999999999999,0.33352,0.06941,182.43638396441997,183.31,0.9936160355800325
7,1999,183.43,0.07398,0.3679,0.07054,181.6748332324236,183.43,1.7951667675764043
8,1999,183.47,0.15315,0.24301,0.07812000000000001,182.72346359953943,183.47,0.7165364004605692
9,1999,183.44,0.11384,0.35520999999999997,0.10046,182.2549705434658,183.44,1.1250294565342074
10,1999,183.38,0.10901000000000001,0.55884,0.07401,182.3511970319406,183.38,0.968802968059407
11,1999,183.32,0.0787,0.83214,0.09891,182.64162045195792,183.32,0.5983795480420895
12,1999,183.24,0.14798,1.0208,0.10141,183.0289503218768,183.24,0.13104967812319046
1,2000,183.16,0.08789,0.96726,0.046689999999999995,183.26545706925725,183.16,-0.18545706925723948
2,2000,183.08,0.05282,1.01668,0.09004000000000001,182.60374952415896,183.08,0.47625047584105573
3,2000,183.08,0.08689,1.78559,0.08874,183.38147139152153,183.08,-0.26147139152152477
4,2000,183.12,0.07775,2.22142,0.05808,184.77696710742174,183.12,-1.6169671074217433
5,2000,183.16,0.18206999999999998,1.98951,0.055479999999999995,183.6683669399838,183.16,-0.42836693998378905
6,2000,183.24,0.11499,1.24487,0.05586,183.4114776170091,183.24,-0.08147761700908518
7,2000,183.33,0.06305,0.70514,0.0732,183.3082182724274,183.33,0.0017817275725917625
8,2000,183.31,0.07643000000000001,0.67334,0.08206999999999999,182.91476231311123,183.31,0.35523768688878476
9,2000,183.27,0.0578,0.48033,0.09259,182.033839726441,183.27,1.1661602735590009
10,2000,183.2,0.07537999999999999,0.52958,0.10781,182.26917255008846,183.2,0.8808274499115498
11,2000,183.15,0.08853,0.6943400000000001,0.07456,182.7819264858939,183.15,0.27807351410609726
12,2000,183.06,0.09595999999999999,1.0836199999999998,0.09709999999999999,182.14946390064833,183.06,0.8305360993516615
1,2001,182.98,0.07551999999999999,0.66962,0.06427,182.66783631136923,182.98,0.27216368863076923
2,2001,182.94,0.05899,1.3904,0.08534,183.38462468207825,182.94,-0.47462468207825736
3,2001,182.91,0.15538,1.5013599999999998,0.06943,182.9428276865324,182.91,0.06717231346758012
4,2001,183.01,0.1187,2.68114,0.06654,183.87889080977382,183.01,-0.6388908097738124
5,2001,183.24,0.06066,0.73049,0.07331,182.87045843942508,183.24,0.4595415605749338
6,2001,183.33,0.10436,0.57564,0.06838,183.551404165683,183.33,-0.19140416568299656
7,2001,183.36,0.08304,0.32173,0.08654,182.4588304385748,183.36,0.9311695614251789
8,2001,183.39,0.08293,0.2276,0.07967,182.65185002640573,183.39,0.7181499735942793
9,2001,183.37,0.07179,0.38609,0.06481999999999999,182.8889240713623,183.37,0.41107592863770037
10,2001,183.3,0.08356999999999999,0.50847,0.07135999999999999,182.378576952148,183.3,0.9114230478519971
11,2001,183.29,0.0907,0.67214,0.07948999999999999,182.7812241672397,183.29,0.5187758327602978
12,2001,183.3,0.09862,1.03227,0.08174,183.43170093008746,183.3,-0.21170093008745994
1,2002,183.22,0.13655,0.86574,0.07287,182.76884048764265,183.22,0.37115951235733746
2,2002,183.14,0.05293,1.39813,0.07229000000000001,182.6877022533421,183.14,0.42229774665790387
3,2002,183.11,0.05941,1.63709,0.07392,183.0222847693314,183.11,0.1177152306685798
4,2002,183.14,0.056100000000000004,2.31903,0.08238,184.3272540248277,183.14,-1.0672540248277187
5,2002,183.26,0.1061,2.02499,0.08258,183.9597795934397,183.26,-0.649779593439689
6,2002,183.31,0.10056999999999999,1.31798,0.06625,183.79578233481152,183.31,-0.4357823348115062
7,2002,183.36,0.13223,0.40506,0.09769,182.64308771574196,183.36,0.7569122842580498
8,2002,183.4,0.08043,0.22972,0.08839,182.5561257352825,183.4,0.8638742647174809
9,2002,183.42,0.0516,0.26888999999999996,0.06986,182.26415203015213,183.42,1.1758479698478652
10,2002,183.44,0.10488,0.43173,0.07021,182.45356260351014,183.44,0.9064373964898778
11,2002,183.36,0.06501,0.70758,0.09240999999999999,183.120795509727,183.36,0.13920449027298787
12,2002,183.26,0.04872,0.89328,0.06039,183.05198379018302,183.26,0.10801620981698079
1,2003,183.16,0.07476999999999999,0.8705499999999999,0.08473,182.37099619920176,183.16,0.6990038007982378
2,2003,183.07,0.07820999999999999,0.77943,0.06498000000000001,182.19611413286634,183.07,0.8338858671336595
3,2003,183.03,0.0505,2.3844499999999997,0.08427,184.2675205577588,183.03,-1.1875205577587735
4,2003,183.08,0.08925,2.23217,0.061649999999999996,184.46007691730568,183.08,-1.2800769173056779
5,2003,183.18,0.04931,1.55534,0.06942,182.72727316773896,183.18,0.5027268322610325
6,2003,183.23,0.04777,1.0635,0.12846000000000002,183.28368181008773,183.23,-0.023681810087737176
7,2003,183.26,0.02599,0.41034,0.0636,182.23604598944067,183.26,1.0539540105593233
8,2003,183.29,0.10790999999999999,0.69689,0.06344,182.304504622378,183.29,0.9654953776220054
9,2003,183.27,0.22532,0.391,0.06341,182.56712233649841,183.27,0.6928776635015765
10,2003,183.26,0.0304,0.9895499999999999,0.05802,183.71733096500745,183.26,-0.48733096500745887
11,2003,183.23,0.04039,1.88541,0.076,183.78404398256097,183.23,-0.5940439825609758
12,2003,183.19,0.06697,2.07769,0.0836,183.96062254693825,183.19,-0.8206225469382673
1,2004,183.14,0.11666,1.3089600000000001,0.09225,182.78157845908626,183.14,0.2884215409137312
2,2004,183.07,0.06724,0.7126399999999999,0.09214,182.92598666990537,183.07,0.14401333009462292
3,2004,183.07,0.04229,2.25732,0.08045000000000001,184.09775757927451,183.07,-0.9677575792745188
4,2004,183.13,0.08145000000000001,2.36584,0.06514,184.64758612146096,183.13,-1.417586121460971
5,2004,183.23,0.0104,1.71164,0.053649999999999996,183.76360964572532,183.23,-0.4136096457253302
6,2004,183.35,0.03638,0.83308,0.08524,183.12732616581062,183.35,0.2726738341893906
7,2004,183.4,0.09422,0.72287,0.09334999999999999,182.72346758684458,183.4,0.6965324131554098
8,2004,183.42,0.027309999999999997,0.72312,0.08197,183.3414311089303,183.42,0.1185688910697138
9,2004,183.46,0.10136,1.5537699999999999,0.07489,184.34599180223566,183.46,-0.8759918022356601
10,2004,183.47,0.07951000000000001,0.54113,0.07737999999999999,182.3533759295319,183.47,1.106624070468115
11,2004,183.46,0.05901,0.93002,0.09334999999999999,183.74861595838723,183.46,-0.36861595838723815
12,2004,183.38,0.10218,1.9852400000000001,0.06036,184.22658741640353,183.38,-0.9065874164035392
1,2005,183.32,0.0496,1.96129,0.046869999999999995,184.2750093942006,183.32,-1.0050093942005844
2,2005,183.27,0.08220999999999999,1.39483,0.1032,183.57546625881233,183.27,-0.35546625881232785
3,2005,183.22,0.09904,1.3778599999999999,0.060149999999999995,183.08080111103678,183.22,0.17919888896321368
4,2005,183.26,0.043590000000000004,2.89752,0.06838,184.6691506102581,183.26,-1.359150610258098
5,2005,183.31,0.046310000000000004,0.8702300000000001,0.053579999999999996,183.12486332219578,183.31,0.26513667780420747
6,2005,183.39,0.09043000000000001,0.50554,0.07232,182.9682696769377,183.39,0.4517303230622929
7,2005,183.42,0.07623,0.44891000000000003,0.08901,182.99902387820475,183.42,0.38097612179524276
8,2005,183.38,0.06705,0.29275999999999996,0.07959000000000001,182.67036900506332,183.38,0.679630994936673
9,2005,183.35,0.09822,0.7008,0.09112999999999999,182.8914896598851,183.35,0.48851034011488537
10,2005,183.38,0.09773,1.3854600000000001,0.10415,183.05078539341142,183.38,0.2992146065885777
11,2005,183.35,0.10045,1.62526,0.07651999999999999,183.4205575738025,183.35,-0.12055757380250043
12,2005,183.3,0.04323,1.62523,0.07395,183.88787687457375,183.3,-0.6478768745737398
1,2006,183.24,0.10581,2.1501799999999998,0.09885,184.82723690968976,183.24,-1.6472369096897523
2,2006,183.18,0.03098,1.96633,0.053759999999999995,183.75218510711804,183.18,-0.6321851071180333
3,2006,183.12,0.0775,1.6785999999999999,0.08151,183.359090115283,183.12,-0.19909011528301335
4,2006,183.16,0.07956999999999999,1.21917,0.07305,183.18023591867146,183.16,0.059764081328552265
5,2006,183.24,0.06528,0.72846,0.09026999999999999,182.79399352234196,183.24,0.5060064776580475
6,2006,183.3,0.11145999999999999,0.85346,0.10511,182.90880956952992,183.3,0.40119043047008063
7,2006,183.31,0.09416,1.13165,0.08020999999999999,183.0705186858165,183.31,0.22948131418351636
8,2006,183.3,0.11873,0.46514999999999995,0.07377,182.7880029908713,183.3,0.4119970091286973
9,2006,183.2,0.06799,0.73064,0.06455,182.29425275033557,183.2,0.835747249664422
10,2006,183.13,0.07472,1.9013699999999998,0.08147,183.96863044884927,183.13,-0.928630448849276
11,2006,183.04,0.08136,2.26281,0.085,184.24724739055222,183.04,-1.2672473905522281
12,2006,182.98,0.02926,2.14579,0.06774,183.44387029727613,182.98,-0.5238702972761473
1,2007,182.92,0.16711,2.10907,0.06677,184.16444345796629,182.92,-1.3344434579662732
2,2007,182.83,0.08965999999999999,0.84014,0.0803,182.33996056646075,182.83,0.4500394335392457
3,2007,182.79,0.054049999999999994,2.49354,0.08272,183.83017722514325,182.79,-0.980177225143251
4,2007,182.85,0.047009999999999996,2.76757,0.08381,184.28055428029413,182.85,-1.4105542802941216
5,2007,182.87,0.08475,0.97064,0.08521,182.19753214400615,182.87,0.7424678559938513
6,2007,182.94,0.03928,0.40476999999999996,0.06484000000000001,182.07648520786336,182.94,0.9235147921366433
7,2007,183.0,0.09154000000000001,0.3362,0.08028,182.25967014187162,183.0,0.7503298581283673
8,2007,183.01,0.07535,0.22903,0.10361,182.23968297430815,183.01,0.7803170256918577
9,2007,183.02,0.08802,0.21774000000000002,0.08658,182.17466295566243,183.02,1.0053370443375798
10,2007,183.18,0.05169,0.57782,0.10292,183.0516286538931,183.18,0.12837134610691692
11,2007,183.18,0.09895999999999999,0.94589,0.08503,182.9258705690091,183.18,0.1841294309909074
12,2007,183.11,0.16101,1.5286099999999998,0.09090000000000001,184.2290416774718,183.11,-1.1490416774717858
1,2008,183.08,0.07102,1.8573499999999998,0.06751,183.38775922217982,183.08,-0.3577592221798227
2,2008,183.03,0.11023999999999999,1.9875399999999999,0.10294,183.80698758171388,183.03,-0.8369875817138848
3,2008,182.97,0.09318000000000001,2.18702,0.08020000000000001,184.42183505062167,182.97,-1.4118350506216757
4,2008,183.01,0.07918,3.0975300000000003,0.08667,184.9296161768907,183.01,-1.7496161768906973
5,2008,183.18,0.10599,0.8363700000000001,0.09151999999999999,183.0269892336932,183.18,0.26301076630679177
6,2008,183.29,0.11292,0.54757,0.07467,182.46578792725316,183.29,0.9442120727468364
7,2008,183.41,0.11314,0.67714,0.07842,182.4914468028336,183.41,0.9285531971663943
8,2008,183.42,0.07909000000000001,0.8559,0.07193000000000001,183.2305832656053,183.42,0.13941673439470037
9,2008,183.37,0.09464,0.43683999999999995,0.10163,182.44402378259335,183.37,0.8759762174066452
10,2008,183.32,0.11102,0.76705,0.0923,183.4595385800416,183.32,-0.1895385800415852
11,2008,183.27,0.15993000000000002,1.35431,0.08305,183.3881796654468,183.27,-0.19817966544681553
12,2008,183.19,0.09193000000000001,2.24623,0.10826999999999999,184.48658595495115,183.19,-1.3465859549511663
1,2009,183.14,0.13979,1.40625,0.07365000000000001,183.4251631726042,183.14,-0.32516317260419214
2,2009,183.1,0.08931,1.79397,0.08657,183.84721822768702,183.1,-0.7572182276870194
3,2009,183.09,0.11605,2.38036,0.10376,184.1522480785004,183.09,-1.0322480785004018
4,2009,183.12,0.08671,2.09307,0.11654,184.02743793157518,183.12,-0.7874379315751696
5,2009,183.24,0.07257,1.2114500000000001,0.06991,182.9504660485974,183.24,0.3495339514026057
6,2009,183.3,0.054229999999999993,0.71092,0.07402,183.06023787817483,183.3,0.279762121825172
7,2009,183.34,0.08978,0.7338899999999999,0.07865000000000001,182.57408638159544,183.34,0.8159136184045508
8,2009,183.39,0.04278,0.6464500000000001,0.12007,182.3786833178187,183.39,1.0413166821812752
9,2009,183.42,0.05497,0.34906,0.0855,182.7925692468779,183.42,0.5674307531221245
10,2009,183.36,0.05981,0.81562,0.09115999999999999,182.41752435466228,183.36,0.9324756453377177
11,2009,183.35,0.07325,0.82124,0.09279000000000001,183.2650108480561,183.35,0.03498915194390406
12,2009,183.3,0.07301,1.32446,0.1036,183.6297151017323,183.3,-0.41971510173229376
1,2010,183.21,0.0509,1.24913,0.06968,182.90500163733995,183.21,0.23499836266003626
2,2010,183.14,0.08374,0.85576,0.08603,183.40035525786504,183.14,-0.3103552578650408
3,2010,183.09,0.0536,2.12979,0.07851000000000001,183.84589256595834,183.09,-0.7658925659583247
4,2010,183.08,0.13321,0.9420599999999999,0.06893,182.40246162952954,183.08,0.6775383704704723
5,2010,183.08,0.055909999999999994,0.72269,0.07558,182.5836633169227,183.08,0.5463366830772998
6,2010,183.13,0.104,0.85048,0.07561,182.8769974140081,183.13,0.3130025859919101
7,2010,183.19,0.12278,0.62197,0.06131,182.64652517313687,183.19,0.5534748268631233
8,2010,183.2,0.08378000000000001,0.5406,0.10904000000000001,182.6652037211021,183.2,0.5547962788978964
9,2010,183.22,0.12943000000000002,0.43245999999999996,0.08392000000000001,181.9865467774532,183.22,1.2034532225467842
10,2010,183.19,0.09953000000000001,1.63402,0.07611,184.09331361038042,183.19,-0.9533136103804338
11,2010,183.14,0.08694,1.13925,0.08139,182.60427751295146,183.14,0.4657224870485379
12,2010,183.07,0.05815,1.7846,0.11304,183.44476671726946,183.07,-0.4447667172694594
1,2011,183.0,0.10868000000000001,0.85898,0.08056,182.2062514427031,183.0,0.7237485572969149
2,2011,182.93,0.09897,1.00955,0.06297,182.5595594129539,182.93,0.31044058704611643
3,2011,182.87,0.08648,3.31664,0.04969,185.2332652030889,182.87,-2.3232652030889085
4,2011,182.91,0.06114,3.1361999999999997,0.04571,185.24760931361115,182.91,-2.207609313611158
5,2011,183.04,0.03417,2.93402,0.06445999999999999,184.3697669195587,183.04,-1.2197669195587082
6,2011,183.15,0.13085,0.95857,0.06347,182.89699831113128,183.15,0.35300168886871575
7,2011,183.25,0.05931,0.36699,0.08244,182.31284432763633,183.25,0.9671556723636741
8,2011,183.28,0.07970000000000001,0.45791000000000004,0.06298,183.16903365875893,183.28,0.06096634124105549
9,2011,183.23,0.0699,0.6346799999999999,0.09952,182.93672332153332,183.23,0.27327667846668646
10,2011,183.21,0.061759999999999995,1.03181,0.07822,182.57721740892634,183.21,0.5827825910736522
11,2011,183.16,0.1231,0.98872,0.07956999999999999,183.2820509954054,183.16,-0.1920509954053955
12,2011,183.09,0.11329,1.62252,0.08742,183.48421593020717,183.09,-0.4742159302071798
1,2012,183.01,0.06992,1.5921500000000002,0.09511,183.5901350467773,183.01,-0.6501350467773079
2,2012,182.94,0.17681,1.3130899999999999,0.08937,183.73811811121067,182.94,-0.8081181112106606
3,2012,182.93,0.05796,1.59353,0.09555,183.15470273617098,182.93,-0.15470273617097519
4,2012,183.0,0.11026000000000001,0.90089,0.09311,182.93036272924112,183.0,0.12963727075887732
5,2012,183.06,0.07659,0.9803,0.06513,182.93356615699994,183.06,0.26643384300004413
6,2012,183.2,0.12431,0.5151,0.10979000000000001,181.95831357887204,183.2,1.3416864211279744
7,2012,183.3,0.05752,0.23946,0.09013,181.70663677113623,183.3,1.5633632288637784
8,2012,183.27,0.06888,0.23127,0.08704,182.6768921332262,183.27,0.5231078667737847
9,2012,183.2,0.11858,0.30765,0.06376,182.26097435512767,183.2,0.8590256448723324
10,2012,183.12,0.09384999999999999,0.61566,0.08020000000000001,182.72040534754694,183.12,0.3795946524530507
11,2012,183.1,0.10542,0.6543,0.08449,182.415499087679,183.1,0.6345009123210161
12,2012,183.05,0.12813,1.15733,0.11216,183.3531376225037,183.05,-0.3731376225037195
1,2013,182.98,0.09018999999999999,1.35825,0.09265000000000001,182.55991696289243,182.98,0.38008303710756763
2,2013,182.94,0.09175,1.33503,0.08231000000000001,182.89929847419026,182.94,0.0007015258097453625
3,2013,182.9,0.05093,1.53324,0.08117,184.0456019360887,182.9,-1.1256019360887137
4,2013,182.92,0.0997,2.2688699999999997,0.07565999999999999,184.55384310479593,182.92,-1.443843104795917
5,2013,183.11,0.08014,0.83238,0.08264,182.35094551573425,183.11,0.909054484265738
6,2013,183.26,0.07611,1.52399,0.055119999999999995,183.63471247621584,183.26,-0.26471247621583416
7,2013,183.37,0.0819,0.9541499999999999,0.08706,183.43491640217687,183.37,0.0050835978231305035
8,2013,183.44,0.12498999999999999,0.47456,0.07454999999999999,182.17194755677832,183.44,1.3080524432216691
9,2013,183.48,0.08327,0.42131,0.06419,182.39279586446128,183.48,1.0572041355387114
10,2013,183.45,0.11669,0.70286,0.08875,182.67914152391305,183.45,0.7208584760869599
11,2013,183.4,0.08816,1.44675,0.05037,183.39149806666407,183.4,-0.04149806666407585
12,2013,183.35,0.09575,1.66062,0.11112999999999999,183.6676998670108,183.35,-0.3776998670108185
1,2014,183.29,0.09770999999999999,1.64058,0.08323,183.89706977045856,183.29,-0.6570697704585484
2,2014,183.24,0.04329,0.9321499999999999,0.04889,183.13181662292703,183.24,0.09818337707295655
3,2014,183.23,0.09318000000000001,1.28131,0.08181999999999999,184.0977542275997,183.23,-0.8277542275996836
4,2014,183.27,0.0888,3.94348,0.06338,186.44800115688176,183.27,-2.97800115688176
5,2014,183.47,0.02463,2.01018,0.09631999999999999,184.3712895746629,183.47,-0.7712895746629158
6,2014,183.6,0.07289,1.05853,0.11212000000000001,183.64256113472626,183.6,0.017438865273732063
7,2014,183.66,0.05926,0.64998,0.11012999999999999,183.0625912423375,183.66,0.6074087576624834
8,2014,183.67,0.03364,0.77944,0.05823,182.96558106546004,183.67,0.7344189345399457
9,2014,183.7,0.06041,0.41462,0.07715000000000001,182.70739030666124,183.7,1.0026096933387691
10,2014,183.71,0.0867,0.6334,0.09953000000000001,183.22241994050947,183.71,0.4475800594905195
11,2014,183.67,0.14207,0.92779,0.09493,183.51199869028363,183.67,0.08800130971636122
12,2014,183.6,0.05647,1.36826,0.11522,184.18505431034677,183.6,-0.6450543103467794
1,2015,183.54,0.06189,0.9209400000000001,0.07421,183.10582412643595,183.54,0.3641758735640508
2,2015,183.47,0.06049,0.46892,0.11329,182.1435434689142,183.47,1.2764565310857847
3,2015,183.42,0.09956999999999999,1.07267,0.11475,183.54833925985935,183.42,-0.10833925985934911
4,2015,183.44,0.07007,2.5683800000000003,0.09547,184.41554861017468,183.44,-0.8855486101746806
5,2015,183.53,0.06409000000000001,0.6853899999999999,0.12067,182.97523324368484,183.53,0.6547667563151549
6,2015,183.63,0.09806999999999999,1.7985,0.11555,184.1660212577352,183.63,-0.4860212577351888
7,2015,183.68,0.048100000000000004,0.9325399999999999,0.13027,183.12799712291906,183.68,0.5520028770809517
8,2015,183.68,0.05916,0.35034,0.09865,183.40588898877795,183.68,0.28411101122205196
9,2015,183.69,0.08473,0.30263,0.09082,182.62268662396997,183.69,0.9773133760300254
10,2015,183.6,0.05037,0.6430800000000001,0.14195,183.20263626569715,183.6,0.3773637343028611
11,2015,183.58,0.11067,0.8117000000000001,0.08721999999999999,182.81990876236432,183.58,0.7700912376356825
12,2015,183.59,0.03504,1.14843,0.14078,183.5972313158973,183.59,-0.04723131589727814
1,2016,183.55,0.060840000000000005,1.35664,0.11328,183.37175142646964,183.55,0.11824857353036577
2,2016,183.49,0.07561,1.87443,0.12018000000000001,185.17103218273982,183.49,-1.7110321827398138
3,2016,183.46,0.07464,2.10339,0.14205,184.0245729077641,183.46,-0.5445729077641204
4,2016,183.48,0.07131,1.41725,0.09423000000000001,183.9322796388755,183.48,-0.4322796388755137
5,2016,183.5,0.05745,0.67395,0.07385,182.9742990406941,183.5,0.6357009593059217
6,2016,183.61,0.08323,0.36563999999999997,0.11339,182.50570310987942,183.61,1.184296890120578
7,2016,183.69,0.06167,0.23011,0.09006,182.47414339538284,183.69,1.2258566046171495
8,2016,183.7,0.08267000000000001,0.282,0.14418999999999998,182.67460453154894,183.7,1.0253954684510518
9,2016,183.7,0.08142,0.23364,0.12612,182.5114203618274,183.7,1.1685796381726163
10,2016,183.68,0.08951,0.69862,0.1172,183.2979609693135,183.68,0.29203903068651016
11,2016,183.59,0.09218000000000001,0.7383200000000001,0.09376000000000001,183.11797679106212,183.59,0.4220232089378726
12,2016,183.54,0.10805,1.2578699999999998,0.07695,183.79373416203387,183.54,-0.3237341620338725
1,2017,183.47,0.11754,1.7688599999999999,0.06445999999999999,184.04193970885908,183.47,-0.6119397088590688
2,2017,183.43,0.07829000000000001,1.70574,0.05044,184.26605667735657,183.43,-0.876056677356587
3,2017,183.39,0.09619,1.88952,0.07236,184.07333312125567,183.39,-0.6633331212556755
4,2017,183.41,0.05773,3.10746,0.08283,185.5450137002577,183.41,-1.9850137002576957
5,2017,183.56,0.1333,2.42767,0.11279,185.40423966661487,183.56,-1.734239666614883
6,2017,183.67,0.08341,1.3131199999999998,0.10318000000000001,184.0157960966532,183.67,-0.26579609665319026
7,2017,183.75,0.08031999999999999,1.30091,0.11026999999999999,183.38309001244272,183.75,0.39690998755727946
8,2017,183.78,0.07396,0.6383,0.13826,182.9081299893086,183.78,0.8918700106914059
9,2017,183.8,0.05677,0.4097,0.10784,183.0304202340571,183.8,0.7795797659429127
10,2017,183.81,0.07439,0.7429600000000001,0.08142,183.67018270427334,183.81,0.109817295726657
11,2017,183.78,0.13288999999999998,2.2517199999999997,0.14309,184.19420591296847,183.78,-0.4742059129684719
12,2017,183.72,0.07576000000000001,1.0518800000000001,0.09548999999999999,183.25134403489812,183.72,0.39865596510188084
1,2018,183.65,0.08404,1.98963,0.13435,184.77164817443978,183.65,-1.191648174439763
2,2018,183.58,0.09818,2.09718,0.09239,184.7011163571614,183.58,-1.1611163571614043
3,2018,183.54,0.06489,1.5929200000000001,0.09739,183.98703721189307,183.54,-0.5170372118930686
4,2018,183.47,0.04851,2.57906,0.11862,184.79121415751735,183.47,-1.291214157517345
5,2018,183.5,0.05485,1.2429400000000002,0.14535,183.22556510277155,183.5,0.3344348972284479
6,2018,183.56,0.14456,0.45250999999999997,0.09781000000000001,182.44937568182272,183.56,1.2006243181772902
7,2018,183.65,0.07672,0.37767,0.10956999999999999,182.75888358762433,183.65,0.8911164123756805
8,2018,183.65,0.08569,0.45498,0.09849,183.76050711070621,183.65,-0.06050711070622583
9,2018,183.7,0.06787,0.38777,0.09779,182.60236309063157,183.7,1.16763690936844
10,2018,183.77,0.05657,0.74134,0.07681,183.1177774801373,183.77,0.6422225198626847
11,2018,183.76,0.047560000000000005,1.69517,0.13282,184.32535033680833,183.76,-0.6553503368083398
12,2018,183.67,0.09734999999999999,1.99582,0.0733,184.51203520989043,183.67,-0.8920352098904232
1,2019,183.62,0.05486,1.53159,0.08352,183.82065893418965,183.62,-0.24065893418963924
2,2019,183.58,0.04957,1.84198,0.093,183.68011610220822,183.58,-0.11011610220822377
3,2019,183.57,0.05468,1.77618,0.10377,183.54305290528885,183.57,0.06694709471116767
4,2019,183.61,0.09323999999999999,2.7081,0.13265000000000002,185.29739619299474,183.61,-1.527396192994729
5,2019,183.77,0.07898000000000001,2.18408,0.08262,185.2321010499357,183.77,-1.3921010499356896
6,2019,183.84,0.05681,1.38712,0.10083,183.72627551345977,183.84,0.13372448654024538
7,2019,183.86,0.08898,0.58392,0.08519,183.29113715277686,183.86,0.5688628472231585
8,2019,183.86,0.11818000000000001,0.34567000000000003,0.10006999999999999,183.45015395746756,183.86,0.4098460425324504
9,2019,183.86,0.07175,0.38038,0.11942,183.39561959709937,183.86,0.48438040290062645
10,2019,183.88,0.10056,0.9137799999999999,0.08526,183.93445728834078,183.88,-0.1244572883407784
11,2019,183.81,0.11041,1.58414,0.10872,184.25884813445685,183.81,-0.5188481344568459
12,2019,183.74,0.1148,1.6267,0.12332,183.94499108477686,183.74,-0.23499108477685127
1,2020,183.71,0.09140000000000001,2.05594,0.11311,184.25370312472668,183.71,-0.6137031247266975
2,2020,183.64,0.06584999999999999,1.38378,0.11916,184.49229620720024,183.64,-0.9222962072002474
3,2020,183.57,0.08076,2.4675100000000003,0.0857,184.4875470624378,183.57,-0.8675470624378079
4,2020,183.62,0.11623,1.3957899999999999,0.09071,184.19014828153638,183.62,-0.5501482815363943
5,2020,183.64,0.08349,1.31425,0.10937000000000001,183.97356000050357,183.64,-0.2735600005035792
6,2020,183.7,0.05043,0.4203,0.07656,183.13680583571966,183.7,0.6231941642803349
7,2020,183.76,0.06722,0.44582,0.05249,181.577053441514,183.76,2.2329465584859918
8,2020,183.81,0.0844,0.27026999999999995,0.11968999999999999,182.21873791212187,183.81,1.5712620878781252
9,2020,183.79,0.08443,-0.99999,0.12816999999999998,181.55219961886215,183.79,2.2078003811378437
10,2020,183.76,0.07731,-0.99999,0.07425,181.3094952228756,183.76,2.400504777124411
11,2020,183.71,0.09883,-0.99999,0.09007,181.95891586815077,183.71,1.671084131849227
12,2020,183.63,0.08505,-0.99999,0.09845000000000001,183.2902486462145,183.63,0.0652450246715871
