month,year,water level,precipitation,flow,evaporation,pre-error approximation,actual,residuals
1,1988,176.63,0.09561,0.7447999999999999,0.02289,172.77599365048172,176.63,3.824006349518271
2,1988,176.6,0.08477,0.92402,0.03598,173.63648567903113,176.6,2.933514320968868
3,1988,176.57,0.04761,1.30492,0.00825,173.79969710426715,176.57,2.8703028957328343
4,1988,176.67,0.04684000000000001,1.58457,0.0355,173.76339586222636,176.67,2.936604137773628
5,1988,176.7,0.050159999999999996,0.89001,0.02357,173.11238615712278,176.7,3.5576138428772026
6,1988,176.67,0.05762,0.24428,0.02752,172.623321779158,176.67,3.986678220842009
7,1988,176.61,0.08070000000000001,0.23942,0.01303,172.37254551690418,176.61,4.197454483095811
8,1988,176.57,0.07099,0.20323,0.03625,172.29985329816927,176.57,4.180146701830722
9,1988,176.48,0.07953,0.25974,0.0101,172.51931208652587,176.48,3.9006879134741155
10,1988,176.42,0.023600000000000003,0.57765,0.02866,172.65199798941237,176.42,3.7780020105876417
11,1988,176.43,0.06586,1.24237,0.01776,173.05715349568888,176.43,3.3628465043111078
12,1988,176.42,0.06067,0.64287,0.045509999999999995,172.3992923877609,176.42,3.9807076122390868
1,1989,176.38,0.15884,0.59657,0.03343,172.90924073466047,176.38,3.420759265339541
2,1989,176.33,0.05047,0.56074,0.019850000000000003,172.34733492000294,176.33,3.972665079997057
3,1989,176.32,0.054700000000000006,1.1438599999999999,0.0025800000000000003,173.22246172992246,176.32,3.187538270077539
4,1989,176.41,0.09018999999999999,1.92308,0.02111,174.15446243190635,176.41,2.2855375680936447
5,1989,176.44,0.08951,1.6141400000000001,0.01131,173.97310539711495,176.44,2.586894602885053
6,1989,176.56,0.04034,1.2273900000000002,0.01595,173.06718237098963,176.56,3.502817629010366
7,1989,176.57,0.07911,0.38083,0.04485,172.77411570456127,176.57,3.765884295438724
8,1989,176.54,0.0715,0.32308,0.03179,172.20082362399108,176.54,4.2691763760089145
9,1989,176.47,0.07732,0.48877,0.035590000000000004,172.45099188879135,176.47,3.8890081112086534
10,1989,176.34,0.03682,0.60387,0.046200000000000005,172.2838191312822,176.34,3.9861808687178097
11,1989,176.27,0.061450000000000005,1.34119,0.02953,173.40428472343442,176.27,2.7757152765655917
12,1989,176.18,0.08458,0.74556,0.00332,172.9121991765653,176.18,3.2378008234346964
1,1990,176.15,0.13061,1.3689200000000001,0.015099999999999999,172.59719420171353,176.15,3.562805798286462
2,1990,176.16,0.07138,1.93113,0.032229999999999995,173.15818972552705,176.16,3.031810274472946
3,1990,176.19,0.1395,2.18142,0.03566,174.2020000214997,176.19,2.0679999785002963
4,1990,176.27,0.08142,2.2061100000000002,0.04734,174.19056020278865,176.27,2.1594397972113484
5,1990,176.35,0.12938,1.74788,0.04985,173.59282124604886,176.35,2.847178753951141
6,1990,176.44,0.10840000000000001,0.63683,0.04286,172.67532907221567,176.44,3.834670927784316
7,1990,176.51,0.09527,0.37099,0.0516,172.9744429962394,176.51,3.5155570037606196
8,1990,176.49,0.06431999999999999,0.25945999999999997,0.04209,171.8658510793243,176.49,4.584148920675688
9,1990,176.45,0.05788,0.2319,0.06687,171.8782078061995,176.45,4.531792193800499
10,1990,176.41,0.07989,0.9965900000000001,0.05742,172.66614000356518,176.41,3.723859996434811
11,1990,176.39,0.11642,1.11217,0.03533,173.21271407457905,176.39,3.1772859254209322
12,1990,176.39,0.05942,1.88951,0.021,174.2966688613096,176.39,2.0633311386904154
1,1991,176.36,0.0366,1.7242,0.05251,173.7691890099167,176.36,2.5408109900833153
2,1991,176.31,0.10747,1.36231,0.04616,173.28976586045206,176.31,3.040234139547948
3,1991,176.33,0.05801,2.39518,0.04975,173.4591147995245,176.33,3.020885200475476
4,1991,176.48,0.0808,2.41547,0.03019,174.76299591938113,176.48,1.8370040806188683
5,1991,176.6,0.06795999999999999,0.9198,0.04392,172.75989926328327,176.6,3.9001007367167233
6,1991,176.66,0.09939,0.37055,0.05962,172.75761389500457,176.66,3.882386104995419
7,1991,176.64,0.06542,0.22858,0.07110999999999999,173.21800350184174,176.64,3.3719964981582677
8,1991,176.59,0.07121,0.20517,0.07053,172.67005995665738,176.59,3.809940043342607
9,1991,176.48,0.07156,0.24508000000000002,0.06406,172.66716961086541,176.48,3.732830389134591
10,1991,176.4,0.09899,0.40794,0.07628,172.18299110236558,176.4,4.197008897634419
11,1991,176.38,0.1242,0.52051,0.07571,172.86349703934266,176.38,3.5365029606573444
12,1991,176.4,0.11503000000000001,0.90212,0.052649999999999995,172.91322465032806,176.4,3.4667753496719342
1,1992,176.38,0.02942,0.88419,0.08826,172.47878137429367,176.38,3.881218625706339
2,1992,176.36,0.09040000000000001,0.84612,0.07165,172.68628724966476,176.36,3.693712750335237
3,1992,176.38,0.05415,1.66207,0.0441,173.46353724600874,176.38,2.9764627539912567
4,1992,176.44,0.06408,2.5566500000000003,0.05926,174.21225228919363,176.44,2.3177477108063727
5,1992,176.53,0.07748000000000001,1.15905,0.06053,173.61817009119028,176.53,2.901829908809731
6,1992,176.52,0.07604000000000001,0.5381699999999999,0.04811,172.29644978621064,176.52,4.243550213789348
7,1992,176.54,0.09259,0.76965,0.07008,173.15076111813153,176.54,3.379238881868474
8,1992,176.53,0.1077,0.89678,0.07892,173.12036751792826,176.53,3.399632482071752
9,1992,176.52,0.09562999999999999,0.8940499999999999,0.06968,173.02999046004317,176.52,3.460009539956843
10,1992,176.49,0.07412,0.92732,0.07236,173.33817589002902,176.49,3.1818241099709894
11,1992,176.52,0.07248,2.01537,0.0704,174.578434755266,176.52,1.961565244734004
12,1992,176.54,0.08947,1.53404,0.06628,174.15766256524816,176.54,2.3823374347518325
1,1993,176.54,0.04825,2.24442,0.07002,174.0302927971752,176.54,2.479707202824784
2,1993,176.51,0.06595999999999999,0.95056,0.07426,173.45809884556064,176.51,3.021901154439348
3,1993,176.48,0.0911,1.36624,0.06444,173.4799836095829,176.48,3.1000163904171245
4,1993,176.58,0.09008,4.17483,0.04987,176.649612458186,176.58,0.050387541813989856
5,1993,176.7,0.03443,1.3388699999999998,0.06418,173.34197694941884,176.7,3.4780230505811573
6,1993,176.82,0.05421,0.82097,0.06817000000000001,173.20976083672986,176.82,3.7002391632701404
7,1993,176.91,0.07748000000000001,0.33031,0.07567,173.01180133792602,176.91,3.868198662073979
8,1993,176.88,0.05919,0.2735,0.07193000000000001,172.80630417365697,176.88,4.023695826343044
9,1993,176.83,0.13598,0.38475,0.09331999999999999,172.9416810499465,176.83,3.818318950053481
10,1993,176.76,0.08673,0.6902,0.07458,173.0811546169562,176.76,3.6188453830437766
11,1993,176.7,0.08757,1.06154,0.06519,173.8563666905219,176.7,2.783633309478091
12,1993,176.64,0.06484000000000001,1.3106600000000002,0.05096,173.17541368432674,176.64,3.3945863156732514
1,1994,176.57,0.09356,0.6295599999999999,0.05262,172.90430689313337,176.57,3.655693106866636
2,1994,176.56,0.07742,0.96701,0.06909,173.29919759378444,176.56,3.290802406215562
3,1994,176.59,0.08881,1.64304,0.05781,173.2902108854033,176.59,3.339789114596698
4,1994,176.63,0.09713,3.1379200000000003,0.05045,175.95265076021755,176.63,0.7473492397824373
5,1994,176.7,0.08236,1.2956800000000002,0.05374,173.4411534023281,176.7,3.278846597671901
6,1994,176.72,0.10645,0.6565,0.07506,172.97537080625722,176.72,3.844629193742776
7,1994,176.82,0.07952,0.43843,0.08231999999999999,172.82983669783528,176.82,3.9801633021647262
8,1994,176.81,0.07515999999999999,0.42668,0.0726,172.75985479698664,176.81,4.020145203013357
9,1994,176.78,0.07016,0.35052999999999995,0.06284000000000001,172.42718579440734,176.78,4.282814205592672
10,1994,176.71,0.07465000000000001,0.45525,0.04945,172.13322903493702,176.71,4.52677096506298
11,1994,176.66,0.07214,0.96674,0.053219999999999996,173.32621823856294,176.66,3.263781761437059
12,1994,176.59,0.12483,1.08283,0.05007,172.92922482832972,176.59,3.6007751716702785
1,1995,176.53,0.05263,1.71044,0.04248,173.9978936137714,176.53,2.4921063862286132
2,1995,176.49,0.09221,0.80477,0.05213,172.71404509410948,176.49,3.755954905890519
3,1995,176.47,0.06541,1.49569,0.06776,173.71673093667573,176.47,2.7732690633242782
4,1995,176.49,0.053950000000000005,0.68713,0.038560000000000004,172.61438994624226,176.49,3.965610053757757
5,1995,176.58,0.08903,0.56852,0.04746,172.83674950959508,176.58,3.8032504904049063
6,1995,176.64,0.09146,0.41473000000000004,0.05154,172.07341688207018,176.64,4.556583117929819
7,1995,176.63,0.05982,0.24563,0.07714,172.3239502857613,176.63,4.316049714238687
8,1995,176.64,0.08187,0.23436,0.0528,172.12511097799958,176.64,4.424889022000428
9,1995,176.55,0.06459000000000001,0.24891999999999997,0.05133,172.6093216941613,176.55,3.8506783058386986
10,1995,176.46,0.032060000000000005,0.93191,0.0677,173.68159011191307,176.46,2.7584098880869306
11,1995,176.44,0.06299,1.6570799999999999,0.04947,173.5661854879099,176.44,2.8438145120900913
12,1995,176.41,0.06833,0.98276,0.060039999999999996,173.65813002024936,176.41,2.711869979750645
1,1996,176.37,0.11101000000000001,1.93973,0.06536,173.9741524031251,176.37,2.4158475968748974
2,1996,176.39,0.053009999999999995,1.98796,0.09381999999999999,174.09077677391744,176.39,2.299223226082546
3,1996,176.39,0.03201,1.60256,0.07689,174.09298552149897,176.39,2.3670144785010336
4,1996,176.46,0.10238,2.6309699999999996,0.07879000000000001,174.32897108069105,176.46,2.3010289193089477
5,1996,176.63,0.09486,2.61748,0.06329,174.405271123206,176.63,2.3547288767939847
6,1996,176.76,0.06676,1.10474,0.06637,173.28017187944184,176.76,3.5498281205581748
7,1996,176.83,0.13022999999999998,0.72063,0.08351,173.2613117404133,176.83,3.5786882595866985
8,1996,176.84,0.05391,0.38953,0.08676,172.71743789696515,176.84,4.102562103034842
9,1996,176.82,0.07479999999999999,0.58527,0.06199,173.22947203625003,176.82,3.5705279637499814
10,1996,176.8,0.06933,0.9999,0.05289,173.50260107398526,176.8,3.287398926014731
11,1996,176.79,0.08447,1.85486,0.060450000000000004,173.95869984681272,176.79,2.8113001531872897
12,1996,176.77,0.08728,2.3151100000000002,0.062439999999999996,174.14435226701647,176.77,2.6456477329835195
1,1997,176.79,0.07572,1.5812599999999999,0.07833,174.3154621916196,176.79,2.5045378083804053
2,1997,176.82,0.1047,1.69503,0.05921,174.27968521525275,176.82,2.6103147847472314
3,1997,176.89,0.07623999999999999,2.4010100000000003,0.08504,174.74150800751198,176.89,2.208491992488007
4,1997,176.95,0.1134,2.2862199999999997,0.08618,175.4176680978027,176.95,1.6523319021972895
5,1997,177.07,0.0443,1.39097,0.08738,173.95424157406515,177.07,3.175758425934845
6,1997,177.13,0.0703,0.6958300000000001,0.09467,173.7491491046567,177.13,3.4408508953432886
7,1997,177.19,0.07372,0.38708,0.08606,172.48883833321028,177.19,4.671161666789715
8,1997,177.16,0.09212999999999999,0.30172000000000004,0.10006,173.26869829325815,177.16,3.8513017067418502
9,1997,177.12,0.08276,0.38229,0.06823,172.61194592840698,177.12,4.408054071593028
10,1997,177.02,0.05717,0.54935,0.09179999999999999,172.84201081898175,177.02,4.047989181018238
11,1997,176.89,0.073,1.14771,0.08785,173.4149531119817,176.89,3.3650468880182984
12,1997,176.78,0.09304000000000001,1.16832,0.07506,173.91424345786035,176.78,2.8257565421396578
1,1998,176.74,0.10357999999999999,2.79627,0.06722,174.87935160476718,176.74,1.8306483952328279
2,1998,176.71,0.06038,1.5337,0.0932,173.9330067551636,176.71,2.8069932448364057
3,1998,176.74,0.0165,2.55917,0.06709999999999999,174.79651031742927,176.74,2.09348968257072
4,1998,176.89,0.02646,1.7786300000000002,0.07415000000000001,174.94088182528745,176.89,1.9691181747125484
5,1998,176.91,0.11017,0.81368,0.09006,173.064267154143,176.91,3.8357328458569953
6,1998,176.9,0.03199,0.67932,0.08262,172.58859771162076,176.9,4.291402288379231
7,1998,176.88,0.02013,0.82626,0.08076,173.25932863211747,176.88,3.5406713678825383
8,1998,176.8,0.08379,0.4502,0.052829999999999995,172.6769650963217,176.8,4.003034903678298
9,1998,176.68,0.09015000000000001,0.40245,0.09755,172.6296281665425,176.68,3.920371833457523
10,1998,176.55,0.10998000000000001,0.47541,0.08829000000000001,172.6131643639696,176.55,3.8268356360304097
11,1998,176.44,0.09619,0.50608,0.05991,172.17714887580672,176.44,4.1828511241932915
12,1998,176.36,0.03073,0.58208,0.08735,172.59724506899857,176.36,3.6727549310014354
1,1999,176.27,0.07814,1.01149,0.06563,173.7582354839134,176.27,2.5217645160865914
2,1999,176.28,0.0562,1.31716,0.05034,173.20181145808726,176.28,3.0381885419127457
3,1999,176.24,0.07665000000000001,1.45505,0.07167,173.34344369123176,176.24,2.906556308768245
4,1999,176.25,0.057659999999999996,1.64397,0.07737000000000001,173.39712194741517,176.25,2.8828780525848288
5,1999,176.28,0.07325,0.51024,0.07679000000000001,172.45636664185204,176.28,3.8836333581479607
6,1999,176.34,0.11159999999999999,0.33352,0.06941,172.56305245173888,176.34,3.836947548261122
7,1999,176.4,0.07398,0.3679,0.07054,172.6505040429618,176.4,3.7094959570382002
8,1999,176.36,0.15315,0.24301,0.07812000000000001,171.80544072069614,176.36,4.434559279303869
9,1999,176.24,0.11384,0.35520999999999997,0.10046,172.82742667792832,176.24,3.312573322071671
10,1999,176.14,0.10901000000000001,0.55884,0.07401,172.32822474703514,176.14,3.7117752529648556
11,1999,176.04,0.0787,0.83214,0.09891,172.7810289559069,176.04,3.2089710440931185
12,1999,175.99,0.14798,1.0208,0.10141,172.15736899233696,175.99,3.762631007663032
1,2000,175.92,0.08789,0.96726,0.046689999999999995,172.45834780786487,175.92,3.4116521921351364
2,2000,175.87,0.05282,1.01668,0.09004000000000001,172.92020743646557,175.87,2.9797925635344313
3,2000,175.9,0.08689,1.78559,0.08874,174.059721361748,175.9,1.860278638251998
4,2000,175.92,0.07775,2.22142,0.05808,173.95068893509176,175.92,2.0493110649082382
5,2000,176.0,0.18206999999999998,1.98951,0.055479999999999995,173.69459248475926,176.0,2.4054075152407393
6,2000,176.1,0.11499,1.24487,0.05586,172.60915364375245,176.1,3.520846356247546
7,2000,176.13,0.06305,0.70514,0.0732,172.48275904729869,176.13,3.64724095270131
8,2000,176.13,0.07643000000000001,0.67334,0.08206999999999999,171.96133259112955,176.13,4.128667408870456
9,2000,176.09,0.0578,0.48033,0.09259,172.0534765093634,176.09,3.9265234906365833
10,2000,175.98,0.07537999999999999,0.52958,0.10781,172.6194860967962,175.98,3.2705139032037778
11,2000,175.89,0.08853,0.6943400000000001,0.07456,172.2623207964616,175.89,3.5476792035383937
12,2000,175.81,0.09595999999999999,1.0836199999999998,0.09709999999999999,172.73389293905558,175.81,3.036107060944431
1,2001,175.77,0.07551999999999999,0.66962,0.06427,172.3370058988985,175.77,3.4429941011015046
2,2001,175.78,0.05899,1.3904,0.08534,172.75419741869055,175.78,3.025802581309449
3,2001,175.78,0.15538,1.5013599999999998,0.06943,173.29540272290146,175.78,2.5545972770985372
4,2001,175.85,0.1187,2.68114,0.06654,174.08102361462173,175.85,1.8689763853782608
5,2001,175.95,0.06066,0.73049,0.07331,172.549550672543,175.95,3.510449327456996
6,2001,176.06,0.10436,0.57564,0.06838,171.4949611182077,176.06,4.5550388817923135
7,2001,176.05,0.08304,0.32173,0.08654,171.9663184839551,176.05,4.063681516044909
8,2001,176.03,0.08293,0.2276,0.07967,171.7684648579781,176.03,4.241535142021888
9,2001,176.01,0.07179,0.38609,0.06481999999999999,172.7056446657581,176.01,3.3243553342419148
10,2001,176.03,0.08356999999999999,0.50847,0.07135999999999999,172.06749560287636,176.03,3.9825043971236482
11,2001,176.05,0.0907,0.67214,0.07948999999999999,172.29251464701673,176.05,3.757485352983281
12,2001,176.05,0.09862,1.03227,0.08174,172.46591150834033,176.05,3.5240884916596826
1,2002,175.99,0.13655,0.86574,0.07287,172.2578000208288,175.99,3.6921999791711926
2,2002,175.95,0.05293,1.39813,0.07229000000000001,173.31940940291864,175.95,2.6705905970813717
3,2002,175.99,0.05941,1.63709,0.07392,173.29897651094436,175.99,2.7610234890556455
4,2002,176.06,0.056100000000000004,2.31903,0.08238,173.86533475428038,176.06,2.324665245719615
5,2002,176.19,0.1061,2.02499,0.08258,173.62899001453124,176.19,2.661009985468752
6,2002,176.29,0.10056999999999999,1.31798,0.06625,172.85630873314923,176.29,3.4736912668507784
7,2002,176.33,0.13223,0.40506,0.09769,172.8783331406677,176.33,3.4416668593322868
8,2002,176.32,0.08043,0.22972,0.08839,172.1580920201223,176.32,4.0819079798777125
9,2002,176.24,0.0516,0.26888999999999996,0.06986,172.09353956297807,176.24,4.046460437021921
10,2002,176.14,0.10488,0.43173,0.07021,172.25499085674403,176.14,3.755009143255961
11,2002,176.01,0.06501,0.70758,0.09240999999999999,172.27655456773962,176.01,3.6334454322603733
12,2002,175.91,0.04872,0.89328,0.06039,171.7534170926699,175.91,4.066582907330087
1,2003,175.82,0.07476999999999999,0.8705499999999999,0.08473,172.81886082577617,175.82,2.93113917422383
2,2003,175.75,0.07820999999999999,0.77943,0.06498000000000001,172.38183137063683,175.75,3.3481686293631583
3,2003,175.73,0.0505,2.3844499999999997,0.08427,173.50934340610672,175.73,2.3106565938932704
4,2003,175.82,0.08925,2.23217,0.061649999999999996,173.83460123140492,175.82,2.08539876859507
5,2003,175.92,0.04931,1.55534,0.06942,173.21902710824529,175.92,2.7809728917547147
6,2003,176.0,0.04777,1.0635,0.12846000000000002,172.52218761312722,176.0,3.5178123868727766
7,2003,176.04,0.02599,0.41034,0.0636,171.29114101901138,176.04,4.728858980988633
8,2003,176.02,0.10790999999999999,0.69689,0.06344,172.25221444941167,176.02,3.6877855505883304
9,2003,175.94,0.22532,0.391,0.06341,172.0619181031249,175.94,3.808081896875109
10,2003,175.87,0.0304,0.9895499999999999,0.05802,172.4723861547184,175.87,3.417613845281579
11,2003,175.89,0.04039,1.88541,0.076,173.80597048185788,175.89,2.094029518142122
12,2003,175.9,0.06697,2.07769,0.0836,173.75089414171475,175.9,2.119105858285252
1,2004,175.87,0.11666,1.3089600000000001,0.09225,172.6773965043099,175.87,3.1626034956900924
2,2004,175.84,0.06724,0.7126399999999999,0.09214,172.03168032475563,175.84,3.868319675244379
3,2004,175.9,0.04229,2.25732,0.08045000000000001,173.79877718471536,175.9,2.1812228152846274
4,2004,175.98,0.08145000000000001,2.36584,0.06514,173.88780659152022,175.98,2.2321934084797874
5,2004,176.12,0.0104,1.71164,0.053649999999999996,173.14893127630367,176.12,3.1610687236963315
6,2004,176.31,0.03638,0.83308,0.08524,172.50076842673985,176.31,3.8692315732601514
7,2004,176.37,0.09422,0.72287,0.09334999999999999,172.09337110121035,176.37,4.236628898789661
8,2004,176.33,0.027309999999999997,0.72312,0.08197,172.78339841819874,176.33,3.496601581801258
9,2004,176.28,0.10136,1.5537699999999999,0.07489,172.5356398827398,176.28,3.614360117260219
10,2004,176.15,0.07951000000000001,0.54113,0.07737999999999999,172.69607821756324,176.15,3.403921782436754
11,2004,176.1,0.05901,0.93002,0.09334999999999999,172.52707717645768,176.1,3.552922823542332
12,2004,176.08,0.10218,1.9852400000000001,0.06036,173.69860391949416,176.08,2.3813960805058514
1,2005,176.08,0.0496,1.96129,0.046869999999999995,173.60502904451414,176.08,2.4949709554858543
2,2005,176.1,0.08220999999999999,1.39483,0.1032,173.14328100162916,176.1,2.9567189983708317
3,2005,176.1,0.09904,1.3778599999999999,0.060149999999999995,172.67434925658887,176.1,3.4656507434111177
4,2005,176.14,0.043590000000000004,2.89752,0.06838,174.08120686128754,176.14,2.108793138712457
5,2005,176.19,0.046310000000000004,0.8702300000000001,0.053579999999999996,173.19844463807902,176.19,3.0115553619209834
6,2005,176.21,0.09043000000000001,0.50554,0.07232,172.45359403529835,176.21,3.736405964701646
7,2005,176.19,0.07623,0.44891000000000003,0.08901,172.68313107282734,176.19,3.486868927172651
8,2005,176.17,0.06705,0.29275999999999996,0.07959000000000001,172.06112080013904,176.17,4.028879199860967
9,2005,176.09,0.09822,0.7008,0.09112999999999999,172.89855949782847,176.09,3.1014405021715277
10,2005,176.0,0.09773,1.3854600000000001,0.10415,172.62611751393817,176.0,3.3038824860618377
11,2005,175.93,0.10045,1.62526,0.07651999999999999,173.3484241890424,175.93,2.531575810957605
12,2005,175.88,0.04323,1.62523,0.07395,173.07860298217153,175.88,2.8013970178284637
1,2006,175.88,0.10581,2.1501799999999998,0.09885,173.54607506625663,175.88,2.3739249337433534
2,2006,175.92,0.03098,1.96633,0.053759999999999995,173.492945326286,175.92,2.437054673714016
3,2006,175.93,0.0775,1.6785999999999999,0.08151,173.31576206753053,175.93,2.6942379324694627
4,2006,176.01,0.07956999999999999,1.21917,0.07305,172.47309827647018,176.01,3.6169017235298213
5,2006,176.09,0.06528,0.72846,0.09026999999999999,171.9264453580912,176.09,4.213554641908786
6,2006,176.14,0.11145999999999999,0.85346,0.10511,172.96986614509035,176.14,3.1701338549096363
7,2006,176.14,0.09416,1.13165,0.08020999999999999,173.269317106631,176.14,2.8606828933689883
8,2006,176.13,0.11873,0.46514999999999995,0.07377,171.66652005707104,176.13,4.373479942928952
9,2006,176.04,0.06799,0.73064,0.06455,171.99363892761633,176.04,3.996361072383678
10,2006,175.99,0.07472,1.9013699999999998,0.08147,173.35186338676434,175.99,2.588136613235662
11,2006,175.94,0.08136,2.26281,0.085,174.21966418496962,175.94,1.7603358150303734
12,2006,175.98,0.02926,2.14579,0.06774,174.00221531972326,175.98,1.9977846802767374
1,2007,176.0,0.16711,2.10907,0.06677,173.69657577447805,176.0,2.2134242255219476
2,2007,175.91,0.08965999999999999,0.84014,0.0803,171.93678200966363,175.91,3.9832179903363567
3,2007,175.92,0.054049999999999994,2.49354,0.08272,174.215250342267,175.92,1.804749657732998
4,2007,176.02,0.047009999999999996,2.76757,0.08381,174.67588505893235,176.02,1.3841149410676508
5,2007,176.06,0.08475,0.97064,0.08521,172.25140067450323,176.06,3.828599325496782
6,2007,176.08,0.03928,0.40476999999999996,0.06484000000000001,171.79068844566189,176.08,4.259311554338126
7,2007,176.05,0.09154000000000001,0.3362,0.08028,172.44503853386115,176.05,3.554961466138849
8,2007,176.0,0.07535,0.22903,0.10361,172.11642340136666,176.0,3.8335765986333286
9,2007,175.95,0.08802,0.21774000000000002,0.08658,171.48364511454412,175.95,4.396354885455878
10,2007,175.88,0.05169,0.57782,0.10292,172.0985000604036,175.88,3.6714999395964014
11,2007,175.77,0.09895999999999999,0.94589,0.08503,172.8304483569471,175.77,2.849551643052905
12,2007,175.68,0.16101,1.5286099999999998,0.09090000000000001,173.48741879892862,175.68,2.212581201071373
1,2008,175.7,0.07102,1.8573499999999998,0.06751,173.1458978378364,175.7,2.61410216216359
2,2008,175.76,0.11023999999999999,1.9875399999999999,0.10294,174.09309818946068,175.76,1.6869018105393252
3,2008,175.78,0.09318000000000001,2.18702,0.08020000000000001,173.3820996830493,175.78,2.5379003169506973
4,2008,175.92,0.07918,3.0975300000000003,0.08667,174.63431093300045,175.92,1.4056890669995425
5,2008,176.04,0.10599,0.8363700000000001,0.09151999999999999,172.9791578281109,176.04,3.1808421718890827
6,2008,176.16,0.11292,0.54757,0.07467,171.27506710746167,176.16,4.964932892538343
7,2008,176.24,0.11314,0.67714,0.07842,173.1429828665165,176.24,3.0770171334835084
8,2008,176.22,0.07909000000000001,0.8559,0.07193000000000001,172.3129684427771,176.22,3.8670315572229015
9,2008,176.18,0.09464,0.43683999999999995,0.10163,172.54887882104074,176.18,3.5411211789592585
10,2008,176.09,0.11102,0.76705,0.0923,172.10739599011004,176.09,3.892604009889965
11,2008,176.0,0.15993000000000002,1.35431,0.08305,173.46706126415285,176.0,2.5029387358471524
12,2008,175.97,0.09193000000000001,2.24623,0.10826999999999999,174.111107514352,175.97,1.8988924856479912
1,2009,176.01,0.13979,1.40625,0.07365000000000001,172.72455048439804,176.01,3.285449515601954
2,2009,176.01,0.08931,1.79397,0.08657,173.1875425459118,176.01,2.902457454088193
3,2009,176.09,0.11605,2.38036,0.10376,173.759327585689,176.09,2.4406724143109955
4,2009,176.2,0.08671,2.09307,0.11654,173.59881480788636,176.2,2.7411851921136474
5,2009,176.34,0.07257,1.2114500000000001,0.06991,172.7523060268992,176.34,3.6676939731007963
6,2009,176.42,0.054229999999999993,0.71092,0.07402,172.74179798129782,176.42,3.698202018702176
7,2009,176.44,0.08978,0.7338899999999999,0.07865000000000001,172.416286959231,176.44,4.023713040768996
8,2009,176.44,0.04278,0.6464500000000001,0.12007,172.21663388575462,176.44,4.153366114245387
9,2009,176.37,0.05497,0.34906,0.0855,171.9902370100744,176.37,4.299762989925597
10,2009,176.29,0.05981,0.81562,0.09115999999999999,172.52655482551202,176.29,3.743445174487988
11,2009,176.27,0.07325,0.82124,0.09279000000000001,172.82333174602263,176.27,3.396668253977367
12,2009,176.22,0.07301,1.32446,0.1036,172.50077535554968,176.22,3.649224644450328
1,2010,176.15,0.0509,1.24913,0.06968,173.31630086720313,176.15,2.7936991327968883
2,2010,176.11,0.08374,0.85576,0.08603,172.5491107112395,176.11,3.5408892887604964
3,2010,176.09,0.0536,2.12979,0.07851000000000001,173.63357180258555,176.09,2.4764281974144637
4,2010,176.11,0.13321,0.9420599999999999,0.06893,172.15810276810987,176.11,3.971897231890125
5,2010,176.13,0.055909999999999994,0.72269,0.07558,173.04407393970496,176.13,3.1459260602950394
6,2010,176.19,0.104,0.85048,0.07561,173.1453421361395,176.19,3.1146578638604865
7,2010,176.26,0.12278,0.62197,0.06131,172.38950348821533,176.26,3.8504965117846837
8,2010,176.24,0.08378000000000001,0.5406,0.10904000000000001,171.84779716966435,176.24,4.31220283033565
9,2010,176.16,0.12943000000000002,0.43245999999999996,0.08392000000000001,171.86201091808275,176.16,4.207989081917248
10,2010,176.07,0.09953000000000001,1.63402,0.07611,173.8982928272776,176.07,2.061707172722407
11,2010,175.96,0.08694,1.13925,0.08139,173.40919058308882,175.96,2.4508094169111985
12,2010,175.86,0.05815,1.7846,0.11304,172.44830622513007,175.86,3.3616937748699343
1,2011,175.81,0.10868000000000001,0.85898,0.08056,172.13770833750058,175.81,3.6422916624994173
2,2011,175.78,0.09897,1.00955,0.06297,171.98850117399718,175.78,3.8214988260028235
3,2011,175.81,0.08648,3.31664,0.04969,174.6228486826418,175.81,1.2871513173581945
4,2011,175.91,0.06114,3.1361999999999997,0.04571,174.8271567744403,175.91,1.2728432255596829
5,2011,176.1,0.03417,2.93402,0.06445999999999999,174.0846350623447,176.1,2.12536493765532
6,2011,176.21,0.13085,0.95857,0.06347,172.5761160285926,176.21,3.683883971407397
7,2011,176.26,0.05931,0.36699,0.08244,172.12593067718169,176.26,4.114069322818324
8,2011,176.24,0.07970000000000001,0.45791000000000004,0.06298,172.33124959544494,176.24,3.798750404555051
9,2011,176.13,0.0699,0.6346799999999999,0.09952,173.01689210633873,176.13,3.0631078936612823
10,2011,176.08,0.061759999999999995,1.03181,0.07822,173.30375114283612,176.08,2.7662488571638733
11,2011,176.07,0.1231,0.98872,0.07956999999999999,172.69740561218347,176.07,3.3425943878165185
12,2011,176.04,0.11329,1.62252,0.08742,173.7797446901303,176.04,2.210255309869723
1,2012,175.99,0.06992,1.5921500000000002,0.09511,173.16718541179654,175.99,2.79281458820347
2,2012,175.96,0.17681,1.3130899999999999,0.08937,173.05007425511735,175.96,2.9499257448826484
3,2012,176.0,0.05796,1.59353,0.09555,173.60483470479423,176.0,2.4251652952057725
4,2012,176.03,0.11026000000000001,0.90089,0.09311,172.0593644708392,176.03,3.990635529160812
5,2012,176.05,0.07659,0.9803,0.06513,172.41989263622622,176.05,3.6501073637737704
6,2012,176.07,0.12431,0.5151,0.10979000000000001,172.17667592610553,176.07,3.8633240738944608
7,2012,176.04,0.05752,0.23946,0.09013,171.53618333576546,176.04,4.433816664234541
8,2012,175.97,0.06888,0.23127,0.08704,172.03593700476364,175.97,3.8240629952363747
9,2012,175.86,0.11858,0.30765,0.06376,171.7792666170527,175.86,3.9607333829472964
10,2012,175.74,0.09384999999999999,0.61566,0.08020000000000001,172.2260444922823,175.74,3.453955507717694
11,2012,175.68,0.10542,0.6543,0.08449,172.64339197758727,175.68,2.9666080224127427
12,2012,175.61,0.12813,1.15733,0.11216,171.92346421549502,175.61,3.6465357845049766
1,2013,175.57,0.09018999999999999,1.35825,0.09265000000000001,172.2764209230127,175.57,3.33357907698732
2,2013,175.61,0.09175,1.33503,0.08231000000000001,172.70334160412264,175.61,2.9266583958773538
3,2013,175.63,0.05093,1.53324,0.08117,172.47518115598018,175.63,3.274818844019819
4,2013,175.75,0.0997,2.2688699999999997,0.07565999999999999,174.07089256629075,175.75,1.859107433709255
5,2013,175.93,0.08014,0.83238,0.08264,172.9953017800878,175.93,3.0546982199122112
6,2013,176.05,0.07611,1.52399,0.055119999999999995,173.17360395825787,176.05,2.916396041742132
7,2013,176.09,0.0819,0.9541499999999999,0.08706,172.1466189184418,176.09,3.933381081558224
8,2013,176.08,0.12498999999999999,0.47456,0.07454999999999999,172.52250339374683,176.08,3.517496606253161
9,2013,176.04,0.08327,0.42131,0.06419,171.96768516821973,176.04,4.04231483178026
10,2013,176.01,0.11669,0.70286,0.08875,172.5724990542077,176.01,3.4375009457922943
11,2013,176.01,0.08816,1.44675,0.05037,173.0298866190993,176.01,2.940113380900698
12,2013,175.97,0.09575,1.66062,0.11112999999999999,172.98289875035118,175.97,2.967101249648806
1,2014,175.95,0.09770999999999999,1.64058,0.08323,173.2938463346391,175.95,2.6561536653608755
2,2014,175.95,0.04329,0.9321499999999999,0.04889,172.9152036799121,175.95,3.034796320087878
3,2014,175.95,0.09318000000000001,1.28131,0.08181999999999999,172.99494569890422,175.95,3.0650543010957847
4,2014,176.06,0.0888,3.94348,0.06338,175.94761318265168,176.06,0.3223868173483311
5,2014,176.27,0.02463,2.01018,0.09631999999999999,173.52837233452092,176.27,2.8516276654790715
6,2014,176.38,0.07289,1.05853,0.11212000000000001,173.02275759329004,176.38,3.43724240670997
7,2014,176.46,0.05926,0.64998,0.11012999999999999,172.40050729936954,176.46,4.079492700630453
8,2014,176.48,0.03364,0.77944,0.05823,172.48773320484918,176.48,4.022266795150813
9,2014,176.51,0.06041,0.41462,0.07715000000000001,172.99125607006755,176.51,3.548743929932442
10,2014,176.54,0.0867,0.6334,0.09953000000000001,172.06075251201705,176.54,4.479247487982946
11,2014,176.54,0.14207,0.92779,0.09493,173.38329513551705,176.54,3.146704864482956
12,2014,176.53,0.05647,1.36826,0.11522,173.87525126406757,176.53,2.634748735932419
1,2015,176.51,0.06189,0.9209400000000001,0.07421,172.30184555570258,176.51,4.1981544442974155
2,2015,176.5,0.06049,0.46892,0.11329,172.20181047777098,176.5,4.278189522229013
3,2015,176.48,0.09956999999999999,1.07267,0.11475,173.0849489394635,176.48,3.445051060536514
4,2015,176.53,0.07007,2.5683800000000003,0.09547,174.60509425137886,176.53,1.984905748621145
5,2015,176.59,0.06409000000000001,0.6853899999999999,0.12067,173.46394961366312,176.59,3.2160503863368888
6,2015,176.68,0.09806999999999999,1.7985,0.11555,174.33233489409062,176.68,2.3976651059093683
7,2015,176.73,0.048100000000000004,0.9325399999999999,0.13027,173.33793673557955,176.73,3.3820632644204522
8,2015,176.72,0.05916,0.35034,0.09865,172.23285836475847,176.72,4.467141635241518
9,2015,176.7,0.08473,0.30263,0.09082,172.5553291954498,176.7,4.024670804550226
10,2015,176.58,0.05037,0.6430800000000001,0.14195,173.40153762430802,176.58,3.1384623756919723
11,2015,176.54,0.11067,0.8117000000000001,0.08721999999999999,172.67975104530382,176.54,3.8702489546961942
12,2015,176.55,0.03504,1.14843,0.14078,173.47129390353138,176.55,3.098706096468618
1,2016,176.57,0.060840000000000005,1.35664,0.11328,173.01624819248875,176.57,3.5437518075112564
2,2016,176.56,0.07561,1.87443,0.12018000000000001,174.28111936846736,176.56,2.3288806315326553
3,2016,176.61,0.07464,2.10339,0.14205,174.37534593060147,176.61,2.394654069398541
4,2016,176.77,0.07131,1.41725,0.09423000000000001,173.81772065546085,176.77,3.002279344539147
5,2016,176.82,0.05745,0.67395,0.07385,172.96799428374925,176.82,3.8720057162507544
6,2016,176.84,0.08323,0.36563999999999997,0.11339,172.76699364105536,176.84,4.073006358944639
7,2016,176.84,0.06167,0.23011,0.09006,172.2756657049119,176.84,4.544334295088106
8,2016,176.82,0.08267000000000001,0.282,0.14418999999999998,173.5098041677075,176.82,3.270195832292501
9,2016,176.78,0.08142,0.23364,0.12612,172.61402640674638,176.78,4.075973593253622
10,2016,176.69,0.08951,0.69862,0.1172,172.84496399117336,176.69,3.745036008826645
11,2016,176.59,0.09218000000000001,0.7383200000000001,0.09376000000000001,172.886374341585,176.59,3.623625658414994
12,2016,176.51,0.10805,1.2578699999999998,0.07695,173.32184342290932,176.51,3.148156577090674
1,2017,176.47,0.11754,1.7688599999999999,0.06445999999999999,174.14298013669034,176.47,2.3370198633096493
2,2017,176.48,0.07829000000000001,1.70574,0.05044,173.40823399439026,176.48,3.121766005609743
3,2017,176.53,0.09619,1.88952,0.07236,173.23646808253088,176.53,3.42353191746912
4,2017,176.66,0.05773,3.10746,0.08283,175.48907960217832,176.66,1.3109203978216897
5,2017,176.8,0.1333,2.42767,0.11279,175.31918234443233,176.8,1.5608176555676607
6,2017,176.88,0.08341,1.3131199999999998,0.10318000000000001,173.62474305567338,176.88,3.3652569443266316
7,2017,176.99,0.08031999999999999,1.30091,0.11026999999999999,173.32310593845523,176.99,3.676894061544772
8,2017,177.0,0.07396,0.6383,0.13826,173.0248626973976,177.0,3.9051373026024123
9,2017,176.93,0.05677,0.4097,0.10784,172.8083786859423,176.93,4.061621314057703
10,2017,176.87,0.07439,0.7429600000000001,0.08142,173.33655768495703,176.87,3.5134423150429654
11,2017,176.85,0.13288999999999998,2.2517199999999997,0.14309,175.0148400186526,176.85,1.7751599813474002
12,2017,176.79,0.07576000000000001,1.0518800000000001,0.09548999999999999,172.50928134578635,176.79,4.220718654213641
1,2018,176.73,0.08404,1.98963,0.13435,174.15747523137844,176.73,2.5825247686215675
2,2018,176.74,0.09818,2.09718,0.09239,174.30881466047322,176.74,2.4511853395267735
3,2018,176.76,0.06489,1.5929200000000001,0.09739,173.9239110646548,176.76,2.8660889353452035
4,2018,176.79,0.04851,2.57906,0.11862,174.48499788818384,176.79,2.4350021118161465
5,2018,176.92,0.05485,1.2429400000000002,0.14535,173.18150451168628,176.92,3.798495488313705
6,2018,176.98,0.14456,0.45250999999999997,0.09781000000000001,172.4072302594581,176.98,4.572769740541901
7,2018,176.98,0.07672,0.37767,0.10956999999999999,172.62720625529766,176.98,4.312793744702333
8,2018,176.94,0.08569,0.45498,0.09849,173.69131547735967,176.94,3.248684522640332
9,2018,176.94,0.06787,0.38777,0.09779,173.26194307835914,176.94,3.628056921640848
10,2018,176.89,0.05657,0.74134,0.07681,173.3060416031345,176.89,3.553958396865511
11,2018,176.86,0.047560000000000005,1.69517,0.13282,174.57050087447078,176.86,2.2594991255292314
12,2018,176.83,0.09734999999999999,1.99582,0.0733,174.02454809942165,176.83,2.7754519005783607
1,2019,176.8,0.05486,1.53159,0.08352,173.90981038381025,176.8,2.91018961618974
2,2019,176.82,0.04957,1.84198,0.093,174.61988895317558,176.82,2.230111046824419
3,2019,176.85,0.05468,1.77618,0.10377,173.85511476276594,176.85,3.104885237234072
4,2019,176.96,0.09323999999999999,2.7081,0.13265000000000002,175.17518297044194,176.96,1.9948170295580496
5,2019,177.17,0.07898000000000001,2.18408,0.08262,174.81287601009024,177.17,2.497123989909767
6,2019,177.31,0.05681,1.38712,0.10083,174.1473507242061,177.31,3.2226492757939127
7,2019,177.37,0.08898,0.58392,0.08519,173.12059854828675,177.37,4.199401451713243
8,2019,177.32,0.11818000000000001,0.34567000000000003,0.10006999999999999,173.8029940879287,177.32,3.4670059120713006
9,2019,177.27,0.07175,0.38038,0.11942,173.05669354277887,177.27,4.223306457221128
10,2019,177.28,0.10056,0.9137799999999999,0.08526,173.66589594216995,177.28,3.5941040578300374
11,2019,177.26,0.11041,1.58414,0.10872,174.0169193410122,177.26,3.2230806589878114
12,2019,177.24,0.1148,1.6267,0.12332,174.2306174569402,177.24,3.0293825430597963
1,2020,177.26,0.09140000000000001,2.05594,0.11311,174.92789123174572,177.26,2.3121087682542907
2,2020,177.24,0.06584999999999999,1.38378,0.11916,173.54105248613342,177.24,3.678947513866575
3,2020,177.22,0.08076,2.4675100000000003,0.0857,174.69370447930095,177.22,2.5962955206990443
4,2020,177.29,0.11623,1.3957899999999999,0.09071,173.62947567227195,177.29,3.7405243277280533
5,2020,177.37,0.08349,1.31425,0.10937000000000001,174.07630883100364,177.37,3.363691168996354
6,2020,177.44,0.05043,0.4203,0.07656,172.80853112917504,177.44,4.641468870824951
7,2020,177.45,0.06722,0.44582,0.05249,173.31176043410488,177.45,4.108239565895104
8,2020,177.42,0.0844,0.27026999999999995,0.11968999999999999,173.07119908752773,177.42,4.268800912472273
9,2020,177.34,0.08443,-0.99999,0.12816999999999998,171.9559897083788,177.34,5.294010291621191
10,2020,177.25,0.07731,-0.99999,0.07425,172.20511834848384,177.25,4.9948816515161525
11,2020,177.2,0.09883,-0.99999,0.09007,171.66671904929595,177.2,5.473280950704037
12,2020,177.14,0.08505,-0.99999,0.09845000000000001,173.1079560797067,177.14,3.2776388570021515
