month,year,water level,precipitation,flow,evaporation,pre-error approximation,actual,residuals
1,1988,174.33,0.09561,0.7447999999999999,0.02289,131.0116659070991,174.33,43.318334092900926
2,1988,174.33,0.08477,0.92402,0.03598,130.85966651113898,174.33,43.50033348886103
3,1988,174.36,0.04761,1.30492,0.00825,132.04111665734888,174.36,42.41888334265113
4,1988,174.46,0.04684000000000001,1.58457,0.0355,132.4211523203717,174.46,42.038847679628304
5,1988,174.46,0.050159999999999996,0.89001,0.02357,131.86393895677378,174.46,42.536061043226226
6,1988,174.4,0.05762,0.24428,0.02752,131.72016225140146,174.4,42.60983774859855
7,1988,174.33,0.08070000000000001,0.23942,0.01303,130.73469675441817,174.33,43.525303245581824
8,1988,174.26,0.07099,0.20323,0.03625,130.64687110331903,174.26,43.49312889668096
9,1988,174.14,0.07953,0.25974,0.0101,131.10567118562264,174.14,42.93432881437735
10,1988,174.04,0.023600000000000003,0.57765,0.02866,131.4946081048482,174.04,42.52539189515181
11,1988,174.02,0.06586,1.24237,0.01776,131.7364179225146,174.02,42.2735820774854
12,1988,174.01,0.06067,0.64287,0.045509999999999995,130.62001853811887,174.01,43.43998146188113
1,1989,174.06,0.15884,0.59657,0.03343,131.31082301531453,174.06,42.75917698468547
2,1989,174.07,0.05047,0.56074,0.019850000000000003,130.6406538180837,174.07,43.4493461819163
3,1989,174.09,0.054700000000000006,1.1438599999999999,0.0025800000000000003,132.10332056389365,174.09,42.14667943610635
4,1989,174.25,0.09018999999999999,1.92308,0.02111,132.47054335529322,174.25,41.84945664470678
5,1989,174.32,0.08951,1.6141400000000001,0.01131,132.7603608712628,174.32,41.759639128737206
6,1989,174.52,0.04034,1.2273900000000002,0.01595,132.23618323309262,174.52,42.27381676690737
7,1989,174.51,0.07911,0.38083,0.04485,130.9691282294004,174.51,43.420871770599575
8,1989,174.39,0.0715,0.32308,0.03179,131.1484757432083,174.39,43.1515242567917
9,1989,174.3,0.07732,0.48877,0.035590000000000004,131.49911296809356,174.3,42.65088703190645
10,1989,174.15,0.03682,0.60387,0.046200000000000005,130.566422301547,174.15,43.49357769845301
11,1989,174.06,0.061450000000000005,1.34119,0.02953,131.4533703027459,174.06,42.536629697254114
12,1989,173.99,0.08458,0.74556,0.00332,131.11352405047853,173.99,42.85647594952147
1,1990,173.97,0.13061,1.3689200000000001,0.015099999999999999,132.23795164628618,173.97,41.92204835371382
2,1990,174.16,0.07138,1.93113,0.032229999999999995,132.66597125735348,174.16,41.634028742646535
3,1990,174.3,0.1395,2.18142,0.03566,132.72855219864988,174.3,41.631447801350134
4,1990,174.36,0.08142,2.2061100000000002,0.04734,132.96993918533332,174.36,41.44006081466668
5,1990,174.41,0.12938,1.74788,0.04985,132.9803893336557,174.41,41.44961066634431
6,1990,174.43,0.10840000000000001,0.63683,0.04286,131.2225328259975,174.43,43.18746717400251
7,1990,174.41,0.09527,0.37099,0.0516,131.44849104146735,174.41,42.94150895853264
8,1990,174.39,0.06431999999999999,0.25945999999999997,0.04209,131.39267917481533,174.39,42.97732082518468
9,1990,174.37,0.05788,0.2319,0.06687,130.689151574452,174.37,43.59084842554799
10,1990,174.28,0.07989,0.9965900000000001,0.05742,131.36782868128597,174.28,42.84217131871404
11,1990,174.21,0.11642,1.11217,0.03533,132.34354646211742,174.21,41.89645353788259
12,1990,174.24,0.05942,1.88951,0.021,132.42244537268527,174.24,41.99755462731471
1,1991,174.42,0.0366,1.7242,0.05251,132.4458053389805,174.42,41.91419466101951
2,1991,174.36,0.10747,1.36231,0.04616,131.59049533975283,174.36,42.82950466024715
3,1991,174.42,0.05801,2.39518,0.04975,133.2367879100391,174.42,41.24321208996088
4,1991,174.48,0.0808,2.41547,0.03019,134.09391956425307,174.48,40.43608043574693
5,1991,174.53,0.06795999999999999,0.9198,0.04392,131.80674349274068,174.53,42.73325650725931
6,1991,174.54,0.09939,0.37055,0.05962,131.23452941050067,174.54,43.20547058949933
7,1991,174.44,0.06542,0.22858,0.07110999999999999,130.61387446591493,174.44,43.72612553408507
8,1991,174.34,0.07121,0.20517,0.07053,131.1703934038524,174.34,43.06960659614762
9,1991,174.24,0.07156,0.24508000000000002,0.06406,130.55081338758075,174.24,43.53918661241926
10,1991,174.09,0.09899,0.40794,0.07628,130.45146925661996,174.09,43.56853074338005
11,1991,174.02,0.1242,0.52051,0.07571,131.19581554909033,174.02,42.844184450909665
12,1991,174.04,0.11503000000000001,0.90212,0.052649999999999995,130.7611498411226,174.04,43.31885015887741
1,1992,174.08,0.02942,0.88419,0.08826,132.21334774272609,174.08,41.90665225727392
2,1992,174.12,0.09040000000000001,0.84612,0.07165,131.6462188737147,174.12,42.5737811262853
3,1992,174.22,0.05415,1.66207,0.0441,132.23891055877834,174.22,42.09108944122167
4,1992,174.33,0.06408,2.5566500000000003,0.05926,133.44986736631552,174.33,40.97013263368447
5,1992,174.42,0.07748000000000001,1.15905,0.06053,131.9740347172904,174.42,42.43596528270959
6,1992,174.41,0.07604000000000001,0.5381699999999999,0.04811,131.5453463266602,174.41,42.914653673339814
7,1992,174.46,0.09259,0.76965,0.07008,131.92067007314688,174.46,42.58932992685311
8,1992,174.51,0.1077,0.89678,0.07892,131.48395882802254,174.51,43.01604117197746
9,1992,174.5,0.09562999999999999,0.8940499999999999,0.06968,131.8769788347284,174.5,42.513021165271596
10,1992,174.39,0.07412,0.92732,0.07236,131.71894840137392,174.39,42.701051598626066
11,1992,174.42,0.07248,2.01537,0.0704,133.1804893894902,174.42,41.2395106105098
12,1992,174.42,0.08947,1.53404,0.06628,132.21834323310574,174.42,42.36165676689427
1,1993,174.58,0.04825,2.24442,0.07002,133.38703425527336,174.58,41.14296574472664
2,1993,174.53,0.06595999999999999,0.95056,0.07426,132.1621122175014,174.53,42.37788778249859
3,1993,174.54,0.0911,1.36624,0.06444,132.4529231935747,174.54,42.23707680642531
4,1993,174.69,0.09008,4.17483,0.04987,135.25223343521347,174.69,39.41776656478652
5,1993,174.67,0.03443,1.3388699999999998,0.06418,132.2051209694637,174.67,42.45487903053629
6,1993,174.66,0.05421,0.82097,0.06817000000000001,131.18057307325216,174.66,43.459426926747824
7,1993,174.64,0.07748000000000001,0.33031,0.07567,131.3238234974782,174.64,43.2061765025218
8,1993,174.53,0.05919,0.2735,0.07193000000000001,130.845122897008,174.53,43.564877102992
9,1993,174.41,0.13598,0.38475,0.09331999999999999,130.6615000911589,174.41,43.62849990884109
10,1993,174.29,0.08673,0.6902,0.07458,131.41376897940643,174.29,42.82623102059358
11,1993,174.24,0.08757,1.06154,0.06519,131.2362677862202,174.24,43.043732213779805
12,1993,174.28,0.06484000000000001,1.3106600000000002,0.05096,132.02306967906023,174.28,42.17693032093976
1,1994,174.2,0.09356,0.6295599999999999,0.05262,131.61296135073889,174.2,42.5570386492611
2,1994,174.17,0.07742,0.96701,0.06909,131.74711607344574,174.17,42.52288392655427
3,1994,174.27,0.08881,1.64304,0.05781,132.43630713268143,174.27,42.043692867318555
4,1994,174.48,0.09713,3.1379200000000003,0.05045,134.28676231627912,174.48,40.24323768372088
5,1994,174.53,0.08236,1.2956800000000002,0.05374,131.90697343389908,174.53,42.61302656610093
6,1994,174.52,0.10645,0.6565,0.07506,131.20721435062922,174.52,43.36278564937078
7,1994,174.57,0.07952,0.43843,0.08231999999999999,131.54150532461398,174.57,42.98849467538602
8,1994,174.53,0.07515999999999999,0.42668,0.0726,132.01517774671382,174.53,42.39482225328618
9,1994,174.41,0.07016,0.35052999999999995,0.06284000000000001,131.47363273529396,174.41,42.83636726470604
10,1994,174.31,0.07465000000000001,0.45525,0.04945,131.7716011015734,174.31,42.4483988984266
11,1994,174.22,0.07214,0.96674,0.053219999999999996,131.53674520629403,174.22,42.66325479370596
12,1994,174.2,0.12483,1.08283,0.05007,132.05430820227903,174.2,42.17569179772096
1,1995,174.23,0.05263,1.71044,0.04248,133.22392563124498,174.23,41.03607436875501
2,1995,174.26,0.09221,0.80477,0.05213,131.3719890528334,174.26,42.90801094716659
3,1995,174.28,0.06541,1.49569,0.06776,131.86534458880362,174.28,42.50465541119638
4,1995,174.37,0.053950000000000005,0.68713,0.038560000000000004,131.99445062197503,174.37,42.425549378024954
5,1995,174.42,0.08903,0.56852,0.04746,130.99428488229753,174.42,43.455715117702454
6,1995,174.45,0.09146,0.41473000000000004,0.05154,131.6557440103474,174.45,42.7742559896526
7,1995,174.43,0.05982,0.24563,0.07714,130.77175824159755,174.43,43.62824175840245
8,1995,174.4,0.08187,0.23436,0.0528,130.8725588817117,174.4,43.3674411182883
9,1995,174.24,0.06459000000000001,0.24891999999999997,0.05133,130.67416787165237,174.24,43.47583212834763
10,1995,174.15,0.032060000000000005,0.93191,0.0677,131.19712894781537,174.15,42.89287105218463
11,1995,174.09,0.06299,1.6570799999999999,0.04947,132.36101762743525,174.09,41.70898237256475
12,1995,174.07,0.06833,0.98276,0.060039999999999996,131.5474139012797,174.07,42.482586098720304
1,1996,174.03,0.11101000000000001,1.93973,0.06536,132.63502765290903,174.03,41.41497234709098
2,1996,174.05,0.053009999999999995,1.98796,0.09381999999999999,132.36088345696334,174.05,41.77911654303665
3,1996,174.14,0.03201,1.60256,0.07689,132.28917237043086,174.14,41.94082762956913
4,1996,174.23,0.10238,2.6309699999999996,0.07879000000000001,133.48656262130407,174.23,40.94343737869593
5,1996,174.43,0.09486,2.61748,0.06329,133.61303387681755,174.43,40.96696612318246
6,1996,174.58,0.06676,1.10474,0.06637,132.54335755367157,174.58,42.066642446328444
7,1996,174.61,0.13022999999999998,0.72063,0.08351,131.932236221604,174.61,42.627763778396
8,1996,174.56,0.05391,0.38953,0.08676,131.23544531202378,174.56,43.284554687976225
9,1996,174.52,0.07479999999999999,0.58527,0.06199,130.88603876360773,174.52,43.58396123639227
10,1996,174.47,0.06933,0.9999,0.05289,131.4309002697366,174.47,42.979099730263385
11,1996,174.41,0.08447,1.85486,0.060450000000000004,132.7354241309179,174.41,41.724575869082116
12,1996,174.46,0.08728,2.3151100000000002,0.062439999999999996,132.7697486596354,174.46,41.70025134036459
1,1997,174.47,0.07572,1.5812599999999999,0.07833,132.45612709908877,174.47,42.073872900911226
2,1997,174.53,0.1047,1.69503,0.05921,132.91620956376102,174.53,41.87379043623898
3,1997,174.79,0.07623999999999999,2.4010100000000003,0.08504,133.34054768905813,174.79,41.489452310941886
4,1997,174.83,0.1134,2.2862199999999997,0.08618,133.45183028757285,174.83,41.38816971242716
5,1997,174.84,0.0443,1.39097,0.08738,132.39307917723738,174.84,42.61692082276261
6,1997,175.01,0.0703,0.6958300000000001,0.09467,131.57333957597135,175.01,43.38666042402866
7,1997,174.96,0.07372,0.38708,0.08606,130.94986880540503,174.96,43.88013119459498
8,1997,174.83,0.09212999999999999,0.30172000000000004,0.10006,131.42438002735298,174.83,43.31561997264703
9,1997,174.74,0.08276,0.38229,0.06823,131.92606794382493,174.74,42.68393205617508
10,1997,174.61,0.05717,0.54935,0.09179999999999999,130.99743584152552,174.61,43.492564158474494
11,1997,174.49,0.073,1.14771,0.08785,132.4575803542869,174.49,42.022419645713086
12,1997,174.48,0.09304000000000001,1.16832,0.07506,131.98441309389247,174.48,42.615586906107524
1,1998,174.6,0.10357999999999999,2.79627,0.06722,133.76115314766253,174.6,40.89884685233747
2,1998,174.66,0.06038,1.5337,0.0932,132.2342937932633,174.66,42.495706206736685
3,1998,174.73,0.0165,2.55917,0.06709999999999999,133.8729068190532,174.73,40.96709318094679
4,1998,174.84,0.02646,1.7786300000000002,0.07415000000000001,132.77816433771397,174.84,42.09183566228603
5,1998,174.87,0.11017,0.81368,0.09006,131.68002297735748,174.87,43.07997702264251
6,1998,174.76,0.03199,0.67932,0.08262,131.66248212960895,174.76,43.03751787039104
7,1998,174.7,0.02013,0.82626,0.08076,131.7895261584536,174.7,42.80047384154639
8,1998,174.59,0.08379,0.4502,0.052829999999999995,131.36299196343074,174.59,43.087008036569244
9,1998,174.45,0.09015000000000001,0.40245,0.09755,131.47804098332705,174.45,42.80195901667295
10,1998,174.28,0.10998000000000001,0.47541,0.08829000000000001,130.98588451302288,174.28,43.11411548697711
11,1998,174.1,0.09619,0.50608,0.05991,131.108391945545,174.1,42.911608054455
12,1998,174.02,0.03073,0.58208,0.08735,132.04390316912153,174.02,41.946096830878474
1,1999,173.99,0.07814,1.01149,0.06563,131.1616976462589,173.99,42.93830235374111
2,1999,174.1,0.0562,1.31716,0.05034,131.078810793539,174.1,43.101189206461015
3,1999,174.18,0.07665000000000001,1.45505,0.07167,132.10297478401063,174.18,42.157025215989364
4,1999,174.26,0.057659999999999996,1.64397,0.07737000000000001,132.06562715345171,174.26,42.21437284654829
5,1999,174.28,0.07325,0.51024,0.07679000000000001,130.7510349524487,174.28,43.51896504755132
6,1999,174.27,0.11159999999999999,0.33352,0.06941,131.5183781879642,174.27,42.701621812035796
7,1999,174.22,0.07398,0.3679,0.07054,131.03050444383257,174.22,43.10949555616742
8,1999,174.14,0.15315,0.24301,0.07812000000000001,130.80277274586453,174.14,43.23722725413546
9,1999,174.04,0.11384,0.35520999999999997,0.10046,130.59217532338315,174.04,43.36782467661686
10,1999,173.96,0.10901000000000001,0.55884,0.07401,130.46996901510906,173.96,43.43003098489095
11,1999,173.9,0.0787,0.83214,0.09891,131.04778332120088,173.9,42.81221667879913
12,1999,173.86,0.14798,1.0208,0.10141,131.79155768426637,173.86,42.02844231573363
1,2000,173.82,0.08789,0.96726,0.046689999999999995,131.47927351477418,173.82,42.27072648522582
2,2000,173.75,0.05282,1.01668,0.09004000000000001,131.17257601064424,173.75,42.65742398935578
3,2000,173.83,0.08689,1.78559,0.08874,131.86117252341865,173.83,42.08882747658134
4,2000,173.95,0.07775,2.22142,0.05808,132.8058464132271,173.95,41.26415358677289
5,2000,174.07,0.18206999999999998,1.98951,0.055479999999999995,132.31166604355678,174.07,41.86833395644322
6,2000,174.18,0.11499,1.24487,0.05586,132.261170248109,174.18,41.99882975189098
7,2000,174.26,0.06305,0.70514,0.0732,131.10622628305418,174.26,43.113773716945815
8,2000,174.22,0.07643000000000001,0.67334,0.08206999999999999,130.81454590297145,174.22,43.27545409702856
9,2000,174.09,0.0578,0.48033,0.09259,130.93944529242867,174.09,43.06055470757133
10,2000,174.0,0.07537999999999999,0.52958,0.10781,130.7537676532228,174.0,43.126232346777186
11,2000,173.88,0.08853,0.6943400000000001,0.07456,130.95171991445164,173.88,42.87828008554837
12,2000,173.83,0.09595999999999999,1.0836199999999998,0.09709999999999999,131.90401989538333,173.83,41.84598010461667
1,2001,173.75,0.07551999999999999,0.66962,0.06427,131.44829370832878,173.75,42.39170629167123
2,2001,173.84,0.05899,1.3904,0.08534,131.4915002550721,173.84,42.44849974492789
3,2001,173.94,0.15538,1.5013599999999998,0.06943,132.17703940983776,173.94,41.84296059016225
4,2001,174.02,0.1187,2.68114,0.06654,132.85335517839584,174.02,41.18664482160415
5,2001,174.04,0.06066,0.73049,0.07331,131.52259655898956,174.04,42.56740344101044
6,2001,174.09,0.10436,0.57564,0.06838,131.36949934658065,174.09,42.66050065341935
7,2001,174.03,0.08304,0.32173,0.08654,130.7609461168019,174.03,43.179053883198094
8,2001,173.94,0.08293,0.2276,0.07967,131.07533394925102,173.94,42.754666050748995
9,2001,173.83,0.07179,0.38609,0.06481999999999999,130.04630031022407,173.83,43.75369968977594
10,2001,173.8,0.08356999999999999,0.50847,0.07135999999999999,130.01277569670677,173.8,43.78722430329324
11,2001,173.8,0.0907,0.67214,0.07948999999999999,131.14066291519487,173.8,42.71933708480515
12,2001,173.86,0.09862,1.03227,0.08174,131.48885862249546,173.86,42.36114137750454
1,2002,173.85,0.13655,0.86574,0.07287,130.91279055252338,173.85,43.05720944747662
2,2002,173.97,0.05293,1.39813,0.07229000000000001,132.34959336759385,173.97,41.670406632406156
3,2002,174.02,0.05941,1.63709,0.07392,132.72102577594285,174.02,41.47897422405714
4,2002,174.2,0.056100000000000004,2.31903,0.08238,133.21155389747543,174.2,41.088446102524586
5,2002,174.3,0.1061,2.02499,0.08258,132.37580044702761,174.3,41.9541995529724
6,2002,174.33,0.10056999999999999,1.31798,0.06625,132.54745253505268,174.33,41.692547464947324
7,2002,174.24,0.13223,0.40506,0.09769,130.26690360037264,174.24,43.88309639962736
8,2002,174.15,0.08043,0.22972,0.08839,131.31344279330136,174.15,42.72655720669863
9,2002,174.04,0.0516,0.26888999999999996,0.06986,131.3319091803997,174.04,42.6180908196003
10,2002,173.95,0.10488,0.43173,0.07021,130.99692800673878,173.95,42.84307199326122
11,2002,173.84,0.06501,0.70758,0.09240999999999999,130.79235438545217,173.84,43.01764561454783
12,2002,173.81,0.04872,0.89328,0.06039,131.30853356893368,173.81,42.50146643106632
1,2003,173.81,0.07476999999999999,0.8705499999999999,0.08473,130.9066036297442,173.81,42.82339637025578
2,2003,173.73,0.07820999999999999,0.77943,0.06498000000000001,130.5069125988628,173.73,43.27308740113719
3,2003,173.78,0.0505,2.3844499999999997,0.08427,132.18687180029787,173.78,41.78312819970213
4,2003,173.97,0.08925,2.23217,0.061649999999999996,131.93659041142925,173.97,42.14340958857076
5,2003,174.08,0.04931,1.55534,0.06942,131.89181973575043,174.08,42.278180264249556
6,2003,174.17,0.04777,1.0635,0.12846000000000002,132.01339956967763,174.17,42.166600430322376
7,2003,174.18,0.02599,0.41034,0.0636,130.69726675350898,174.18,43.472733246491
8,2003,174.17,0.10790999999999999,0.69689,0.06344,130.924231236874,174.17,43.115768763126
9,2003,174.04,0.22532,0.391,0.06341,130.75691462736268,174.04,43.16308537263731
10,2003,173.92,0.0304,0.9895499999999999,0.05802,131.05429104142445,173.92,42.795708958575545
11,2003,173.85,0.04039,1.88541,0.076,132.7708188920071,173.85,41.11918110799289
12,2003,173.89,0.06697,2.07769,0.0836,132.27185153322733,173.89,41.668148466772664
1,2004,173.94,0.11666,1.3089600000000001,0.09225,131.7582084844513,173.94,42.09179151554869
2,2004,173.85,0.06724,0.7126399999999999,0.09214,130.44586883889,173.85,43.514131161110015
3,2004,173.96,0.04229,2.25732,0.08045000000000001,132.92224707433311,173.96,41.19775292566689
4,2004,174.12,0.08145000000000001,2.36584,0.06514,133.0091090016712,174.12,41.21089099832881
5,2004,174.22,0.0104,1.71164,0.053649999999999996,132.30277282088701,174.22,42.057227179113
6,2004,174.36,0.03638,0.83308,0.08524,131.29429453430322,174.36,43.045705465696784
7,2004,174.34,0.09422,0.72287,0.09334999999999999,130.7150710639171,174.34,43.5749289360829
8,2004,174.29,0.027309999999999997,0.72312,0.08197,131.18402028150663,174.29,43.06597971849337
9,2004,174.25,0.10136,1.5537699999999999,0.07489,132.33246309579607,174.25,41.73753690420392
10,2004,174.07,0.07951000000000001,0.54113,0.07737999999999999,131.33497312234456,174.07,42.665026877655436
11,2004,174.0,0.05901,0.93002,0.09334999999999999,131.9131677374958,174.0,42.09683226250419
12,2004,174.01,0.10218,1.9852400000000001,0.06036,132.12766450337227,174.01,42.10233549662772
1,2005,174.23,0.0496,1.96129,0.046869999999999995,132.88968236628847,174.23,41.37031763371152
2,2005,174.26,0.08220999999999999,1.39483,0.1032,131.72170589155874,174.26,42.56829410844125
3,2005,174.29,0.09904,1.3778599999999999,0.060149999999999995,132.2036151176015,174.29,42.17638488239851
4,2005,174.38,0.043590000000000004,2.89752,0.06838,133.3813153555629,174.38,41.018684644437116
5,2005,174.4,0.046310000000000004,0.8702300000000001,0.053579999999999996,131.5487781982692,174.4,42.7712218017308
6,2005,174.32,0.09043000000000001,0.50554,0.07232,130.8518084976656,174.32,43.36819150233441
7,2005,174.22,0.07623,0.44891000000000003,0.08901,131.50004276485936,174.22,42.63995723514063
8,2005,174.14,0.06705,0.29275999999999996,0.07959000000000001,131.25143794012916,174.14,42.82856205987085
9,2005,174.08,0.09822,0.7008,0.09112999999999999,131.4051056471293,174.08,42.59489435287071
10,2005,174.0,0.09773,1.3854600000000001,0.10415,131.6837610414766,174.0,42.196238958523395
11,2005,173.88,0.10045,1.62526,0.07651999999999999,132.0900529468122,173.88,41.74994705318781
12,2005,173.84,0.04323,1.62523,0.07395,132.49224010332662,173.84,41.477759896673376
1,2006,173.97,0.10581,2.1501799999999998,0.09885,132.56466022472705,173.97,41.49533977527295
2,2006,174.06,0.03098,1.96633,0.053759999999999995,132.0358102825771,174.06,42.07418971742291
3,2006,174.11,0.0775,1.6785999999999999,0.08151,131.9547773453028,174.11,42.205222654697195
4,2006,174.16,0.07956999999999999,1.21917,0.07305,132.180436008647,174.16,42.01956399135298
5,2006,174.2,0.06528,0.72846,0.09026999999999999,131.24320550144392,174.2,43.006794498556076
6,2006,174.25,0.11145999999999999,0.85346,0.10511,131.5423151212509,174.25,42.7276848787491
7,2006,174.27,0.09416,1.13165,0.08020999999999999,131.59233020262465,174.27,42.63766979737534
8,2006,174.23,0.11873,0.46514999999999995,0.07377,131.20787875955995,174.23,42.93212124044004
9,2006,174.14,0.06799,0.73064,0.06455,131.45162242407977,174.14,42.62837757592024
10,2006,174.08,0.07472,1.9013699999999998,0.08147,132.07057538335533,174.08,42.02942461664466
11,2006,174.1,0.08136,2.26281,0.085,133.17417078481935,174.1,40.97582921518065
12,2006,174.15,0.02926,2.14579,0.06774,133.0228074620824,174.15,41.267192537917595
1,2007,174.29,0.16711,2.10907,0.06677,132.49343665964966,174.29,41.72656334035034
2,2007,174.22,0.08965999999999999,0.84014,0.0803,130.9902776979485,174.22,43.26972230205149
3,2007,174.26,0.054049999999999994,2.49354,0.08272,132.89141056243633,174.26,41.42858943756366
4,2007,174.32,0.047009999999999996,2.76757,0.08381,133.53405726882508,174.32,40.815942731174914
5,2007,174.35,0.08475,0.97064,0.08521,131.9335988882566,174.35,42.326401111743394
6,2007,174.26,0.03928,0.40476999999999996,0.06484000000000001,131.3761140634431,174.26,42.773885936556894
7,2007,174.15,0.09154000000000001,0.3362,0.08028,130.81253507248033,174.15,43.317464927519666
8,2007,174.13,0.07535,0.22903,0.10361,130.73751443356406,174.13,43.342485566435954
9,2007,174.08,0.08802,0.21774000000000002,0.08658,130.54878087246644,174.08,43.39121912753356
10,2007,173.94,0.05169,0.57782,0.10292,131.6138125650415,173.94,42.1861874349585
11,2007,173.8,0.09895999999999999,0.94589,0.08503,131.4285099983878,173.8,42.43149000161222
12,2007,173.86,0.16101,1.5286099999999998,0.09090000000000001,132.03297189267,173.86,41.887028107329996
1,2008,173.92,0.07102,1.8573499999999998,0.06751,132.68926976164312,173.92,41.400730238356886
2,2008,174.09,0.11023999999999999,1.9875399999999999,0.10294,132.73604619942154,174.09,41.523953800578454
3,2008,174.26,0.09318000000000001,2.18702,0.08020000000000001,133.32927404446642,174.26,41.06072595553357
4,2008,174.39,0.07918,3.0975300000000003,0.08667,133.75368523620884,174.39,40.596314763791156
5,2008,174.35,0.10599,0.8363700000000001,0.09151999999999999,131.7947066268879,174.35,42.525293373112106
6,2008,174.32,0.11292,0.54757,0.07467,131.3091272690379,174.32,43.04087273096209
7,2008,174.35,0.11314,0.67714,0.07842,131.87633893884333,174.35,42.35366106115666
8,2008,174.23,0.07909000000000001,0.8559,0.07193000000000001,131.3526551177858,174.23,42.76734488221422
9,2008,174.12,0.09464,0.43683999999999995,0.10163,130.4169369440345,174.12,43.58306305596551
10,2008,174.0,0.11102,0.76705,0.0923,131.55621001206913,174.0,42.36378998793086
11,2008,173.92,0.15993000000000002,1.35431,0.08305,132.4146335179649,173.92,41.54536648203512
12,2008,173.96,0.09193000000000001,2.24623,0.10826999999999999,132.37243600944498,173.96,41.66756399055501
1,2009,174.04,0.13979,1.40625,0.07365000000000001,131.94508914320798,174.04,42.12491085679201
2,2009,174.07,0.08931,1.79397,0.08657,132.89195344938602,174.07,41.41804655061398
3,2009,174.31,0.11605,2.38036,0.10376,132.75529386067996,174.31,41.66470613932003
4,2009,174.42,0.08671,2.09307,0.11654,132.42374654550002,174.42,42.036253454499985
5,2009,174.46,0.07257,1.2114500000000001,0.06991,132.5746995297017,174.46,41.8753004702983
6,2009,174.45,0.054229999999999993,0.71092,0.07402,131.0506923906447,174.45,43.369307609355275
7,2009,174.42,0.08978,0.7338899999999999,0.07865000000000001,131.38110114851534,174.42,42.96889885148465
8,2009,174.35,0.04278,0.6464500000000001,0.12007,131.7793585951348,174.35,42.460641404865214
9,2009,174.24,0.05497,0.34906,0.0855,130.4878415351314,174.24,43.6421584648686
10,2009,174.13,0.05981,0.81562,0.09115999999999999,131.2203462581374,174.13,42.849653741862596
11,2009,174.07,0.07325,0.82124,0.09279000000000001,130.9966164259947,174.07,43.02338357400532
12,2009,174.02,0.07301,1.32446,0.1036,131.13735085043533,174.02,42.852649149564684
1,2010,173.99,0.0509,1.24913,0.06968,131.9082807276876,173.99,42.01171927231238
2,2010,173.92,0.08374,0.85576,0.08603,131.8256329063747,173.92,42.144367093625306
3,2010,173.97,0.0536,2.12979,0.07851000000000001,133.52133513956505,173.97,40.56866486043495
4,2010,174.09,0.13321,0.9420599999999999,0.06893,131.31262084534137,174.09,42.89737915465864
5,2010,174.21,0.055909999999999994,0.72269,0.07558,131.4660079921473,174.21,42.843992007852705
6,2010,174.31,0.104,0.85048,0.07561,131.6552701567319,174.31,42.61472984326812
7,2010,174.27,0.12278,0.62197,0.06131,130.93699168996375,174.27,43.25300831003625
8,2010,174.19,0.08378000000000001,0.5406,0.10904000000000001,131.19530946402762,174.19,42.824690535972394
9,2010,174.02,0.12943000000000002,0.43245999999999996,0.08392000000000001,129.98804083649065,174.02,43.981959163509345
10,2010,173.97,0.09953000000000001,1.63402,0.07611,132.3341499191577,173.97,41.545850080842285
11,2010,173.88,0.08694,1.13925,0.08139,132.04022094031617,173.88,41.81977905968384
12,2010,173.86,0.05815,1.7846,0.11304,131.5994448993912,173.86,42.230555100608825
1,2011,173.83,0.10868000000000001,0.85898,0.08056,131.00104280112322,173.83,42.74895719887678
2,2011,173.75,0.09897,1.00955,0.06297,132.01062956031325,173.75,42.01937043968675
3,2011,174.03,0.08648,3.31664,0.04969,133.6099042972491,174.03,40.59009570275089
4,2011,174.2,0.06114,3.1361999999999997,0.04571,134.3692429369206,174.2,40.090757063079394
5,2011,174.46,0.03417,2.93402,0.06445999999999999,133.94890236887147,174.46,40.63109763112854
6,2011,174.58,0.13085,0.95857,0.06347,132.43114782799012,174.58,42.04885217200987
7,2011,174.48,0.05931,0.36699,0.08244,131.86489486393617,174.48,42.51510513606382
8,2011,174.38,0.07970000000000001,0.45791000000000004,0.06298,131.94100086892684,174.38,42.358999131073176
9,2011,174.3,0.0699,0.6346799999999999,0.09952,130.81075130741,174.3,43.45924869259002
10,2011,174.27,0.061759999999999995,1.03181,0.07822,131.55122921817494,174.27,42.65877078182507
11,2011,174.21,0.1231,0.98872,0.07956999999999999,131.60617915111345,174.21,42.793820848886554
12,2011,174.4,0.11329,1.62252,0.08742,132.66056526251452,174.4,41.72943473748546
1,2012,174.39,0.06992,1.5921500000000002,0.09511,132.51692291448904,174.39,41.85307708551096
2,2012,174.37,0.17681,1.3130899999999999,0.08937,132.43162457072864,174.37,41.92837542927137
3,2012,174.36,0.05796,1.59353,0.09555,133.01636814626409,174.36,41.29363185373592
4,2012,174.31,0.11026000000000001,0.90089,0.09311,131.6259242980035,174.31,42.64407570199651
5,2012,174.27,0.07659,0.9803,0.06513,131.701083657439,174.27,42.518916342561
6,2012,174.22,0.12431,0.5151,0.10979000000000001,131.5680356385178,174.22,42.57196436148217
7,2012,174.14,0.05752,0.23946,0.09013,130.75922402437286,174.14,43.28077597562714
8,2012,174.04,0.06888,0.23127,0.08704,130.99511752118735,174.04,42.954882478812635
9,2012,173.95,0.11858,0.30765,0.06376,130.76931768955762,173.95,43.05068231044237
10,2012,173.82,0.09384999999999999,0.61566,0.08020000000000001,131.10952346982623,173.82,42.740476530173765
11,2012,173.85,0.10542,0.6543,0.08449,131.4665958328348,173.85,42.353404167165195
12,2012,173.82,0.12813,1.15733,0.11216,131.58715608460696,173.82,42.23284391539303
1,2013,173.82,0.09018999999999999,1.35825,0.09265000000000001,131.66258933810485,173.82,42.19741066189516
2,2013,173.86,0.09175,1.33503,0.08231000000000001,131.51254037145318,173.86,42.4074596285468
3,2013,173.92,0.05093,1.53324,0.08117,132.04252155271422,173.92,41.97747844728579
4,2013,174.02,0.0997,2.2688699999999997,0.07565999999999999,132.63586677963227,174.02,41.46413322036773
5,2013,174.1,0.08014,0.83238,0.08264,131.11498233847098,174.1,43.11501766152901
6,2013,174.23,0.07611,1.52399,0.055119999999999995,132.09266544242874,174.23,42.257334557571255
7,2013,174.35,0.0819,0.9541499999999999,0.08706,132.0763258258252,174.35,42.20367417417481
8,2013,174.28,0.12498999999999999,0.47456,0.07454999999999999,131.86985432369556,174.28,42.290145676304434
9,2013,174.16,0.08327,0.42131,0.06419,131.2881380363257,174.16,42.78186196367429
10,2013,174.07,0.11669,0.70286,0.08875,132.12856088833,174.07,41.84143911167001
11,2013,173.97,0.08816,1.44675,0.05037,131.8772932866404,173.97,42.0627067133596
12,2013,173.94,0.09575,1.66062,0.11112999999999999,131.28158273007494,173.94,42.718417269925055
1,2014,174.0,0.09770999999999999,1.64058,0.08323,132.6036723262274,174.0,41.33632767377259
2,2014,173.94,0.04329,0.9321499999999999,0.04889,131.11022874446704,173.94,42.87977125553297
3,2014,173.99,0.09318000000000001,1.28131,0.08181999999999999,131.64289678940455,173.99,42.55710321059544
4,2014,174.2,0.0888,3.94348,0.06338,135.07640820671895,174.2,39.27359179328104
5,2014,174.35,0.02463,2.01018,0.09631999999999999,132.55566837024514,174.35,41.84433162975486
6,2014,174.4,0.07289,1.05853,0.11212000000000001,132.45853789644622,174.4,41.94146210355379
7,2014,174.4,0.05926,0.64998,0.11012999999999999,131.45889236689644,174.4,42.91110763310357
8,2014,174.37,0.03364,0.77944,0.05823,131.35332577566683,174.37,42.95667422433317
9,2014,174.31,0.06041,0.41462,0.07715000000000001,130.98809632470287,174.31,43.261903675297134
10,2014,174.25,0.0867,0.6334,0.09953000000000001,131.35129465985602,174.25,42.79870534014398
11,2014,174.15,0.14207,0.92779,0.09493,131.68458644513402,174.15,42.48541355486597
12,2014,174.17,0.05647,1.36826,0.11522,132.32870922797656,174.17,41.831290772023436
1,2015,174.16,0.06189,0.9209400000000001,0.07421,131.03084062015273,174.16,42.99915937984727
2,2015,174.03,0.06049,0.46892,0.11329,130.5039534585256,174.03,43.48604654147442
3,2015,173.99,0.09956999999999999,1.07267,0.11475,131.58620072146192,173.99,42.63379927853808
4,2015,174.22,0.07007,2.5683800000000003,0.09547,133.27805075554892,174.22,41.031949244451084
5,2015,174.31,0.06409000000000001,0.6853899999999999,0.12067,131.24536197465935,174.31,43.284638025340655
6,2015,174.53,0.09806999999999999,1.7985,0.11555,132.95130432362498,174.53,41.78869567637503
7,2015,174.74,0.048100000000000004,0.9325399999999999,0.13027,132.25459090785938,174.74,42.365409092140624
8,2015,174.62,0.05916,0.35034,0.09865,131.4434555478069,174.62,43.056544452193094
9,2015,174.5,0.08473,0.30263,0.09082,131.27883772170154,174.5,43.06116227829847
10,2015,174.34,0.05037,0.6430800000000001,0.14195,131.33448895142715,174.34,42.88551104857285
11,2015,174.22,0.11067,0.8117000000000001,0.08721999999999999,131.6014380888086,174.22,42.56856191119138
12,2015,174.17,0.03504,1.14843,0.14078,131.73483307495613,174.17,42.49516692504386
1,2016,174.23,0.060840000000000005,1.35664,0.11328,131.84421676110424,174.23,42.425783238895775
2,2016,174.27,0.07561,1.87443,0.12018000000000001,132.90984118436995,174.27,41.500158815630044
3,2016,174.41,0.07464,2.10339,0.14205,133.47797072970945,174.41,41.12202927029054
4,2016,174.6,0.07131,1.41725,0.09423000000000001,132.25352228259084,174.6,42.39647771740917
5,2016,174.65,0.05745,0.67395,0.07385,132.04144064277676,174.65,42.56855935722325
6,2016,174.61,0.08323,0.36563999999999997,0.11339,130.70649575942105,174.61,43.83350424057895
7,2016,174.54,0.06167,0.23011,0.09006,130.86091537835176,174.54,43.599084621648245
8,2016,174.46,0.08267000000000001,0.282,0.14418999999999998,131.25689295366266,174.46,43.13310704633733
9,2016,174.39,0.08142,0.23364,0.12612,131.72350305291536,174.39,42.60649694708465
10,2016,174.33,0.08951,0.69862,0.1172,131.57661130515046,174.33,42.683388694849526
11,2016,174.26,0.09218000000000001,0.7383200000000001,0.09376000000000001,131.87240946920804,174.26,42.29759053079195
12,2016,174.17,0.10805,1.2578699999999998,0.07695,132.38178819015994,174.17,41.908211809840054
1,2017,174.29,0.11754,1.7688599999999999,0.06445999999999999,132.11590267430256,174.29,42.284097325697445
2,2017,174.4,0.07829000000000001,1.70574,0.05044,132.21421887221652,174.4,42.25578112778348
3,2017,174.47,0.09619,1.88952,0.07236,132.8950721392778,174.47,41.744927860722186
4,2017,174.64,0.05773,3.10746,0.08283,134.16867657786503,174.64,40.651323422134965
5,2017,174.82,0.1333,2.42767,0.11279,133.53807826302304,174.82,41.291921736976974
6,2017,174.83,0.08341,1.3131199999999998,0.10318000000000001,132.70302728714665,174.83,42.10697271285335
7,2017,174.81,0.08031999999999999,1.30091,0.11026999999999999,132.35002625544448,174.81,42.34997374455551
8,2017,174.7,0.07396,0.6383,0.13826,130.64688335789262,174.7,43.943116642107384
9,2017,174.59,0.05677,0.4097,0.10784,131.27600194427657,174.59,43.21399805572344
10,2017,174.49,0.07439,0.7429600000000001,0.08142,131.94222521860033,174.49,42.54777478139968
11,2017,174.49,0.13288999999999998,2.2517199999999997,0.14309,133.31081432424912,174.49,41.129185675750875
12,2017,174.44,0.07576000000000001,1.0518800000000001,0.09548999999999999,131.69721885790818,174.44,42.68278114209181
1,2018,174.38,0.08404,1.98963,0.13435,133.09920889531602,174.38,41.34079110468397
2,2018,174.44,0.09818,2.09718,0.09239,132.5299881811619,174.44,42.150011818838095
3,2018,174.68,0.06489,1.5929200000000001,0.09739,132.3540960760684,174.68,42.41590392393161
4,2018,174.77,0.04851,2.57906,0.11862,133.93459758894102,174.77,40.94540241105898
5,2018,174.88,0.05485,1.2429400000000002,0.14535,132.5579304268151,174.88,42.332069573184896
6,2018,174.89,0.14456,0.45250999999999997,0.09781000000000001,131.47615741365823,174.89,43.343842586341765
7,2018,174.82,0.07672,0.37767,0.10956999999999999,131.63328253409423,174.82,43.086717465905764
8,2018,174.72,0.08569,0.45498,0.09849,131.55408833859934,174.72,43.105911661400654
9,2018,174.66,0.06787,0.38777,0.09779,132.01536412998186,174.66,42.55463587001813
10,2018,174.57,0.05657,0.74134,0.07681,131.45609375001914,174.57,43.12390624998088
11,2018,174.58,0.047560000000000005,1.69517,0.13282,132.38143317471173,174.58,42.21856682528826
12,2018,174.6,0.09734999999999999,1.99582,0.0733,132.91490168473126,174.6,41.71509831526873
1,2019,174.63,0.05486,1.53159,0.08352,131.8645210391492,174.63,42.74547896085082
2,2019,174.61,0.04957,1.84198,0.093,132.67035312629775,174.61,41.97964687370225
3,2019,174.65,0.05468,1.77618,0.10377,133.27530975738918,174.65,41.55469024261083
4,2019,174.83,0.09323999999999999,2.7081,0.13265000000000002,134.1244613962986,174.83,40.9255386037014
5,2019,175.05,0.07898000000000001,2.18408,0.08262,133.75227579419828,175.05,41.3877242058017
6,2019,175.14,0.05681,1.38712,0.10083,132.7589968079703,175.14,42.37100319202969
7,2019,175.13,0.08898,0.58392,0.08519,131.89823263824587,175.13,43.12176736175414
8,2019,175.02,0.11818000000000001,0.34567000000000003,0.10006999999999999,131.16356858766113,175.02,43.70643141233887
9,2019,174.87,0.07175,0.38038,0.11942,131.27864714611127,174.87,43.46135285388874
10,2019,174.74,0.10056,0.9137799999999999,0.08526,131.9269063696409,174.74,42.7530936303591
11,2019,174.68,0.11041,1.58414,0.10872,132.31515823453884,174.68,42.364841765461165
12,2019,174.68,0.1148,1.6267,0.12332,132.3410440998747,174.68,42.45895590012532
1,2020,174.8,0.09140000000000001,2.05594,0.11311,133.14016317023123,174.8,41.75983682976877
2,2020,174.9,0.06584999999999999,1.38378,0.11916,133.24686650867955,174.9,41.70313349132044
3,2020,174.95,0.08076,2.4675100000000003,0.0857,133.8780719597638,174.95,41.171928040236224
4,2020,175.05,0.11623,1.3957899999999999,0.09071,132.75168595685764,175.05,42.32831404314237
5,2020,175.08,0.08349,1.31425,0.10937000000000001,132.8792948228978,175.08,42.22070517710219
6,2020,175.1,0.05043,0.4203,0.07656,131.76689037672728,175.1,43.283109623272736
7,2020,175.05,0.06722,0.44582,0.05249,132.3814865982248,175.05,42.54851340177521
8,2020,174.93,0.0844,0.27026999999999995,0.11968999999999999,131.38988720983832,174.93,43.44011279016169
9,2020,174.83,0.08443,-0.99999,0.12816999999999998,129.352685588969,174.83,45.367314411031
10,2020,174.72,0.07731,-0.99999,0.07425,130.11334432997296,174.72,44.536655670027045
11,2020,174.65,0.09883,-0.99999,0.09007,129.4772327501609,174.65,45.1727672498391
12,2020,174.65,0.08505,-0.99999,0.09845000000000001,131.854847679391,174.65,42.43786118136848
