month,year,lake,water level,evaporation,flow,precipitation,simulated_water_level
1,1950,Superior,183.42,101.1,1612.18,106.56,183.42
2,1950,Superior,183.37,89.08,951.42,68.37,183.41667622499997
3,1950,Superior,183.33,82.57,2100.59,66.2,183.40785940499998
4,1950,Superior,183.37,89.67,3057.59,62.78,183.393249855
5,1950,Superior,183.57,125.15,868.02,59.98,183.386360075
6,1950,Superior,183.74,125.32,579.54,42.15,183.37864343
7,1950,Superior,183.82,86.73,350.42,43.87,183.375415755
8,1950,Superior,183.86,104.15,280.16,71.95,183.37468048
9,1950,Superior,183.83,103.86,415.07,63.08,183.37217209
10,1950,Superior,183.82,88.95,483.42,95.86,183.37467633
11,1950,Superior,183.77,87.39,1091.63,68.34,183.3707846
12,1950,Superior,183.69,95.09,1568.06,30.37,183.35908381500002
1,1951,Superior,183.57,116.03,1727.45,67.23,183.34955273000003
2,1951,Superior,183.51,90.85,1812.25,44.58,183.33877200000003
3,1951,Superior,183.52,81.58,2557.2,62.02,183.32722355000004
4,1951,Superior,183.59,116.27,3203.7,78.6,183.31173008000005
5,1951,Superior,183.71,126.2,957.0,77.32,183.30650386000005
6,1951,Superior,183.75,91.66,526.89,47.35,183.30243472500004
7,1951,Superior,183.8,93.77,688.51,75.52,183.30095008500004
8,1951,Superior,183.8,102.68,335.03,79.01,183.30095262000003
9,1951,Superior,183.83,96.9,368.78,52.0,183.29783782000004
10,1951,Superior,183.84,139.5,375.66,50.05,183.29099134500004
11,1951,Superior,183.79,124.66,933.01,56.55,183.28338241000003
12,1951,Superior,183.7,61.57,1093.97,44.51,183.27855590500002
1,1952,Superior,183.63,58.54,1669.17,67.43,183.27399821000003
2,1952,Superior,183.56,57.53,1490.24,62.94,183.26984899000004
3,1952,Superior,183.5,78.23,2147.62,73.43,183.26206315500005
4,1952,Superior,183.52,87.45,2449.56,84.52,183.25342368500006
5,1952,Superior,183.58,114.25,1104.27,125.45,183.25451751000006
6,1952,Superior,183.62,85.1,574.07,130.7,183.26128761000007
7,1952,Superior,183.77,125.46,395.18,37.21,183.25385651500008
8,1952,Superior,183.86,78.59,280.14,31.08,183.2500216450001
9,1952,Superior,183.82,121.3,298.48,90.85,183.25019647000008
10,1952,Superior,183.67,93.42,400.49,40.93,183.24580464500008
11,1952,Superior,183.52,81.91,485.99,48.02,183.24281451500008
12,1952,Superior,183.46,109.28,1042.21,77.76,183.23858842500007
1,1953,Superior,183.37,77.88,943.19,55.91,183.23463681000007
2,1953,Superior,183.32,94.26,1080.03,61.46,183.22937629000006
3,1953,Superior,183.28,112.53,1862.24,37.69,183.21571794500005
4,1953,Superior,183.33,84.57,1349.76,39.11,183.20706639000005
5,1953,Superior,183.4,34.87,1616.4,60.8,183.20385112000005
6,1953,Superior,183.57,107.37,527.96,53.68,183.19930487000005
7,1953,Superior,183.69,97.45,330.47,69.27,183.19852172500003
8,1953,Superior,183.72,94.42,392.88,97.66,183.20126329500005
9,1953,Superior,183.67,105.28,336.04,91.7,183.20265546500005
10,1953,Superior,183.57,85.63,301.72,94.31,183.20614105000004
11,1953,Superior,183.45,75.74,373.41,90.7,183.20961261000005
12,1953,Superior,183.4,104.16,805.17,84.86,183.20788459000005
1,1954,Superior,183.31,67.53,615.26,137.58,183.21674223000005
2,1954,Superior,183.25,110.97,2019.3,138.82,183.21521789000005
3,1954,Superior,183.2,109.45,2069.46,60.8,183.20369634000005
4,1954,Superior,183.22,65.4,2788.89,48.59,183.19060112500006
5,1954,Superior,183.44,93.11,1488.39,57.08,183.18283788500005
6,1954,Superior,183.57,98.16,588.59,73.37,183.18122528000006
7,1954,Superior,183.62,102.86,296.91,75.94,183.18101548000007
8,1954,Superior,183.59,68.28,256.31,74.29,183.18360093500007
9,1954,Superior,183.52,60.83,406.89,91.01,183.18815202000008
10,1954,Superior,183.47,100.71,727.6,83.87,183.18696606500006
11,1954,Superior,183.41,88.03,898.06,55.53,183.18236988000007
12,1954,Superior,183.33,100.22,1290.69,71.11,183.17679402500008
1,1955,Superior,183.24,95.34,1153.83,62.65,183.1712275600001
2,1955,Superior,183.17,96.43,823.46,60.83,183.1669944250001
3,1955,Superior,183.16,92.74,3006.08,90.97,183.1559597900001
4,1955,Superior,183.21,103.24,2518.42,59.64,183.1425497100001
5,1955,Superior,183.3,110.97,619.15,80.4,183.1406359900001
6,1955,Superior,183.37,113.16,431.42,53.43,183.1360718250001
7,1955,Superior,183.39,107.03,234.75,61.34,183.1339881550001
8,1955,Superior,183.47,80.94,238.65,90.26,183.13765665500011
9,1955,Superior,183.45,97.67,223.23,86.13,183.1395246800001
10,1955,Superior,183.49,119.26,1039.27,81.78,183.1350134400001
11,1955,Superior,183.47,74.57,1303.85,81.49,183.1327625050001
12,1955,Superior,183.4,87.11,915.4,88.03,183.1322653900001
1,1956,Superior,183.31,40.45,591.34,73.16,183.1352869800001
2,1956,Superior,183.25,45.48,838.9,58.57,183.1348177050001
3,1956,Superior,183.16,69.95,2379.8,34.38,183.1216018250001
4,1956,Superior,183.16,41.98,3532.72,78.9,183.1105186950001
5,1956,Superior,183.22,41.56,2199.05,50.78,183.1025807550001
6,1956,Superior,183.32,45.37,905.93,58.63,183.1017928300001
7,1956,Superior,183.43,36.95,419.18,47.38,183.1026975500001
8,1956,Superior,183.48,72.51,358.9,77.86,183.1048790300001
9,1956,Superior,183.48,61.07,601.63,74.68,183.1063712300001
10,1956,Superior,183.42,52.17,382.24,105.43,183.1135711550001
11,1956,Superior,183.37,27.59,467.97,76.66,183.1186940050001
12,1956,Superior,183.3,50.35,1117.39,69.95,183.1178773800001
1,1957,Superior,183.21,53.26,1204.75,34.53,183.1119076150001
2,1957,Superior,183.13,61.3,1088.09,28.41,183.1050957300001
3,1957,Superior,183.12,56.31,1574.02,102.98,183.1056914900001
4,1957,Superior,183.14,40.61,1626.25,59.32,183.1017748100001
5,1957,Superior,183.26,87.47,1046.81,39.7,183.09447774000012
6,1957,Superior,183.35,81.64,578.98,38.85,183.08988452500012
7,1957,Superior,183.46,48.61,489.43,18.21,183.0858035300001
8,1957,Superior,183.48,52.87,309.59,54.18,183.0868268800001
9,1957,Superior,183.48,44.53,320.2,114.94,183.09615886000012
10,1957,Superior,183.43,69.2,267.08,88.8,183.10045146000013
11,1957,Superior,183.4,48.06,465.22,50.78,183.10065617000012
12,1957,Superior,183.34,54.88,1186.69,46.72,183.09618752000011
1,1958,Superior,183.26,46.32,666.46,68.45,183.0977622250001
2,1958,Superior,183.21,41.65,560.13,56.72,183.0987630050001
3,1958,Superior,183.16,34.26,1785.01,34.2,183.09138919500012
4,1958,Superior,183.14,45.97,2194.61,26.53,183.08004862000013
5,1958,Superior,183.18,52.98,1001.73,47.02,183.07669662000012
6,1958,Superior,183.24,69.84,795.82,30.46,183.07091367000012
7,1958,Superior,183.36,28.59,459.71,109.3,183.08012578000012
8,1958,Superior,183.4,46.23,362.37,40.01,183.07963056500012
9,1958,Superior,183.47,46.41,666.54,49.04,183.07874221500012
10,1958,Superior,183.44,33.19,652.85,78.42,183.08270970500013
11,1958,Superior,183.43,45.19,848.35,85.23,183.08558916000013
12,1958,Superior,183.37,48.38,800.34,54.66,183.08458317000012
1,1959,Superior,183.28,51.36,1138.16,20.78,183.07736088000013
2,1959,Superior,183.21,64.93,1221.96,80.25,183.07614337500013
3,1959,Superior,183.19,61.23,2075.37,40.38,183.06591496500013
4,1959,Superior,183.18,55.36,3428.9,82.13,183.05467575000014
5,1959,Superior,183.29,43.43,888.4,40.6,183.05185182000014
6,1959,Superior,183.4,51.36,357.19,48.36,183.05202325000013
7,1959,Superior,183.46,67.34,341.27,54.86,183.05180215000013
8,1959,Superior,183.52,54.28,270.38,49.82,183.05235580000013
9,1959,Superior,183.63,69.42,275.91,44.78,183.05101790000012
10,1959,Superior,183.64,47.23,639.46,64.72,183.0521820500001
11,1959,Superior,183.56,36.81,1070.2,74.92,183.0533268200001
12,1959,Superior,183.44,25.34,1836.26,52.9,183.0487848300001
1,1960,Superior,183.37,39.66,1246.86,31.06,183.0432671600001
2,1960,Superior,183.3,44.71,1618.31,54.51,183.0384496150001
3,1960,Superior,183.22,52.32,1247.87,69.81,183.0368033100001
4,1960,Superior,183.24,65.76,4119.52,45.63,183.0166513450001
5,1960,Superior,183.47,50.6,1490.92,71.04,183.0140847050001
6,1960,Superior,183.56,35.87,904.11,35.45,183.0111431100001
7,1960,Superior,183.56,29.51,346.07,68.86,183.0157332400001
8,1960,Superior,183.55,73.81,252.01,59.32,183.0159985600001
9,1960,Superior,183.53,102.27,212.1,48.25,183.0127578150001
10,1960,Superior,183.45,59.26,263.67,114.15,183.0210793800001
11,1960,Superior,183.4,41.7,407.64,53.2,183.0223932800001
12,1960,Superior,183.34,43.38,330.96,46.81,183.0231461650001
1,1961,Superior,183.24,55.84,290.31,73.74,183.0264996850001
2,1961,Superior,183.18,65.76,935.6,43.41,183.0219864900001
3,1961,Superior,183.17,76.73,1845.99,91.58,183.0181262800001
4,1961,Superior,183.19,49.9,2223.49,81.18,183.0132362000001
5,1961,Superior,183.29,70.12,1370.49,63.4,183.0087241300001
6,1961,Superior,183.36,67.88,923.88,95.38,183.0106720200001
7,1961,Superior,183.38,65.82,495.4,69.83,183.0116970950001
8,1961,Superior,183.38,31.64,333.21,81.0,183.0177147050001
9,1961,Superior,183.42,51.36,286.18,72.32,183.02127212500008
10,1961,Superior,183.41,57.49,256.54,60.84,183.0230289950001
11,1961,Superior,183.39,57.56,500.85,73.97,183.0252195900001
12,1961,Superior,183.33,44.35,754.19,104.77,183.03110969500008
1,1962,Superior,183.24,40.13,763.1,70.67,183.03298342000008
2,1962,Superior,183.18,34.54,533.09,91.27,183.03906588500007
3,1962,Superior,183.15,58.67,1691.34,89.78,183.03721408500007
4,1962,Superior,183.15,56.26,2156.33,100.48,183.03458609500007
5,1962,Superior,183.25,51.22,747.07,80.37,183.03686873000007
6,1962,Superior,183.35,33.01,283.43,35.99,183.03733050500006
7,1962,Superior,183.38,16.73,230.86,21.25,183.03750920000004
8,1962,Superior,183.41,38.82,354.55,57.68,183.03988855000006
9,1962,Superior,183.47,57.3,301.76,43.31,183.03921716500005
10,1962,Superior,183.45,27.33,519.21,65.69,183.04271717000006
11,1962,Superior,183.35,22.04,761.81,26.2,183.04043718000005
12,1962,Superior,183.28,18.14,664.19,57.67,183.04294214500007
1,1963,Superior,183.19,39.64,414.63,80.3,183.04781610500007
2,1963,Superior,183.14,44.33,375.73,44.61,183.04798989000005
3,1963,Superior,183.11,34.87,1974.86,58.17,183.04264962500005
4,1963,Superior,183.18,33.56,2538.72,23.53,183.03021421000005
5,1963,Superior,183.24,24.62,1084.02,50.95,183.02924506500005
6,1963,Superior,183.35,49.73,405.09,43.55,183.02870056000006
7,1963,Superior,183.41,38.14,235.18,47.51,183.03044533500005
8,1963,Superior,183.44,50.88,285.88,57.02,183.03210768500006
9,1963,Superior,183.44,48.59,232.6,80.73,183.03722124000006
10,1963,Superior,183.41,18.92,217.17,92.73,183.04633321500006
11,1963,Superior,183.36,42.72,362.77,71.27,183.05007470000007
12,1963,Superior,183.29,46.14,665.74,90.32,183.05443414000007
1,1964,Superior,183.21,34.69,885.38,110.49,183.06117433500006
2,1964,Superior,183.15,28.49,614.81,79.71,183.06587591000007
3,1964,Superior,183.09,30.21,1930.06,60.82,183.06147233000007
4,1964,Superior,183.09,22.04,1826.9,51.64,183.05708505000007
5,1964,Superior,183.3,41.94,887.66,109.29,183.06307479500006
6,1964,Superior,183.41,31.74,363.79,26.11,183.06198782000007
7,1964,Superior,183.48,29.19,243.83,65.57,183.06669888500008
8,1964,Superior,183.51,41.67,233.25,74.76,183.07161450500007
9,1964,Superior,183.54,54.89,191.19,46.76,183.07212760500008
10,1964,Superior,183.51,35.22,193.27,77.24,183.07807929500007
11,1964,Superior,183.45,24.24,259.28,66.62,183.08324688500008
12,1964,Superior,183.36,29.68,584.02,63.79,183.0859921400001
1,1965,Superior,183.28,44.9,582.12,41.41,183.08468300500007
2,1965,Superior,183.21,43.11,1316.57,67.14,183.08310145500008
3,1965,Superior,183.16,37.0,1011.67,48.32,183.08115858500008
4,1965,Superior,183.18,35.19,2082.74,118.28,183.0828569150001
5,1965,Superior,183.31,52.65,856.79,87.88,183.0854251350001
6,1965,Superior,183.38,35.02,293.62,53.3,183.0878628650001
7,1965,Superior,183.41,20.66,224.59,61.48,183.0928436750001
8,1965,Superior,183.44,23.64,216.27,40.62,183.0949859150001
9,1965,Superior,183.43,44.47,280.74,42.77,183.0953905500001
10,1965,Superior,183.45,39.49,596.84,94.07,183.1011075150001
11,1965,Superior,183.41,36.57,1078.72,96.15,183.1049147200001
12,1965,Superior,183.39,42.57,1354.13,78.29,183.1045995850001
1,1966,Superior,183.33,27.58,991.31,43.13,183.1028650000001
2,1966,Superior,183.27,39.95,1187.69,71.19,183.1026961350001
3,1966,Superior,183.26,53.67,2253.34,78.71,183.0970389800001
4,1966,Superior,183.28,27.69,1306.01,66.38,183.0966631100001
5,1966,Superior,183.36,22.29,853.61,58.11,183.0979404850001
6,1966,Superior,183.47,29.96,480.32,31.21,183.0970601900001
7,1966,Superior,183.49,40.39,205.05,47.94,183.0988277600001
8,1966,Superior,183.54,42.5,226.77,59.75,183.10180978500009
9,1966,Superior,183.52,46.75,271.71,96.84,183.10891474500008
10,1966,Superior,183.47,36.1,258.33,65.52,183.11298727500008
11,1966,Superior,183.42,23.44,522.27,52.46,183.11511347500007
12,1966,Superior,183.37,42.12,1387.82,105.6,183.11812105500007
1,1967,Superior,183.31,43.5,948.79,40.06,183.11492119500008
2,1967,Superior,183.26,45.11,794.39,27.16,183.11073107500007
3,1967,Superior,183.21,42.5,1053.4,58.15,183.10937755000006
4,1967,Superior,183.29,29.56,1870.52,28.12,183.10118777000005
5,1967,Superior,183.39,30.98,1141.58,81.29,183.10325367500005
6,1967,Superior,183.45,61.06,613.72,74.62,183.10467864500004
7,1967,Superior,183.5,48.66,633.11,53.55,183.10434571000005
8,1967,Superior,183.53,38.49,448.74,60.5,183.10663757000006
9,1967,Superior,183.49,24.22,396.72,69.71,183.11151046500007
10,1967,Superior,183.44,26.86,978.07,56.4,183.11157905500008
11,1967,Superior,183.41,9.01,1895.27,110.78,183.11538656500008
12,1967,Superior,183.34,5.11,1391.73,66.19,183.1163870400001
1,1968,Superior,183.26,20.91,834.65,58.29,183.1178937650001
2,1968,Superior,183.19,13.54,1230.31,101.93,183.12353962000012
3,1968,Superior,183.14,0.84,1871.36,67.75,183.1226851550001
4,1968,Superior,183.23,13.39,1421.5,98.37,183.12693687000012
5,1968,Superior,183.33,16.29,818.41,74.31,183.1309255450001
6,1968,Superior,183.49,11.88,702.84,62.28,183.1343274850001
7,1968,Superior,183.63,5.23,512.95,71.99,183.14044584000013
8,1968,Superior,183.72,6.05,280.33,77.91,183.14840975500013
9,1968,Superior,183.79,11.5,375.96,106.28,183.15904287500013
10,1968,Superior,183.78,11.49,428.3,63.05,183.16394651000013
11,1968,Superior,183.71,6.98,1282.08,74.11,183.16634564500012
12,1968,Superior,183.61,11.29,1513.44,79.0,183.16785745500013
1,1969,Superior,183.56,12.64,1313.4,65.42,183.16854224500014
2,1969,Superior,183.53,12.99,1206.27,44.68,183.16711072500013
3,1969,Superior,183.46,14.94,1333.3,67.59,183.16778422000013
4,1969,Superior,183.46,6.9,2742.56,32.86,183.15766931000013
5,1969,Superior,183.55,4.95,1866.37,99.8,183.16056121000014
6,1969,Superior,183.57,13.04,910.99,71.59,183.16400615500015
7,1969,Superior,183.58,17.91,481.83,36.36,183.16474583500016
8,1969,Superior,183.59,20.51,336.29,68.73,183.17009742000016
9,1969,Superior,183.54,37.38,223.37,112.79,183.18022072500017
10,1969,Superior,183.5,26.62,288.72,66.88,183.18508122500018
11,1969,Superior,183.44,38.06,749.16,54.28,183.18511898500017
12,1969,Superior,183.35,40.91,920.17,97.58,183.18954829500018
1,1970,Superior,183.3,16.36,604.12,74.76,183.19465967500017
2,1970,Superior,183.24,14.48,1035.92,56.59,183.19546583000016
3,1970,Superior,183.19,17.89,1312.46,97.75,183.19981981500015
4,1970,Superior,183.18,8.42,2542.32,108.22,183.20011602500014
5,1970,Superior,183.36,10.64,1048.5,66.78,183.20245935500014
6,1970,Superior,183.5,30.5,464.17,51.47,183.20417896000015
7,1970,Superior,183.59,15.76,480.18,97.62,183.21285043000015
8,1970,Superior,183.61,5.57,265.24,103.09,183.22411394500014
9,1970,Superior,183.6,16.62,367.72,40.44,183.22604478500014
10,1970,Superior,183.59,5.34,702.79,71.77,183.23117720000013
11,1970,Superior,183.65,5.99,1210.1,78.95,183.23462868500013
12,1970,Superior,183.6,11.03,1270.59,64.18,183.23550107500014
1,1971,Superior,183.51,16.0,840.65,47.19,183.23597136000015
2,1971,Superior,183.45,12.16,857.4,102.37,183.24364920500014
3,1971,Superior,183.44,6.74,1936.7,107.78,183.24705393500014
4,1971,Superior,183.47,14.52,3126.72,106.65,183.24373544000014
5,1971,Superior,183.56,6.17,1776.04,92.92,183.24610985000012
6,1971,Superior,183.66,3.1,449.47,94.86,183.25561119000014
7,1971,Superior,183.7,26.41,354.56,54.32,183.25857066000015
8,1971,Superior,183.7,11.99,303.65,117.48,183.27094244000014
9,1971,Superior,183.67,17.91,370.36,39.16,183.27259367000013
10,1971,Superior,183.65,8.71,310.99,47.31,183.27631792500014
11,1971,Superior,183.62,13.1,424.27,40.61,183.27827264000015
12,1971,Superior,183.56,16.08,1035.35,108.43,183.28550980500015
1,1972,Superior,183.48,7.52,1029.96,26.64,183.28312084500016
2,1972,Superior,183.42,18.91,710.61,108.07,183.29170694000015
3,1972,Superior,183.42,16.07,1766.45,60.02,183.28916555000015
4,1972,Superior,183.43,9.91,3181.84,93.94,183.28433705000015
5,1972,Superior,183.55,4.69,2100.93,120.4,183.28868311000014
6,1972,Superior,183.58,10.15,1559.8,67.26,183.28857035000013
7,1972,Superior,183.6,18.28,1564.86,89.08,183.29053399000014
8,1972,Superior,183.68,7.76,624.91,66.0,183.29512988000013
9,1972,Superior,183.71,12.77,339.9,110.03,183.30631480500014
10,1972,Superior,183.68,14.44,579.07,35.12,183.30669249500014
11,1972,Superior,183.6,9.92,1642.25,137.3,183.31504617500013
12,1972,Superior,183.49,50.34,1980.46,57.23,183.30830593000013
1,1973,Superior,183.43,25.02,1851.78,86.32,183.30793989000014
2,1973,Superior,183.36,6.49,1502.14,109.92,183.31380838000015
3,1973,Superior,183.38,4.71,2740.89,77.09,183.30947430500015
4,1973,Superior,183.43,32.7,2327.41,48.8,183.30136175500016
5,1973,Superior,183.58,5.98,1340.61,133.48,183.31105954500015
6,1973,Superior,183.67,32.66,795.46,112.88,183.31871610500014
7,1973,Superior,183.73,10.74,343.82,96.86,183.32837985500012
8,1973,Superior,183.8,26.17,294.57,72.69,183.33398252000012
9,1973,Superior,183.8,-1.05,297.6,50.71,183.33899438500012
10,1973,Superior,183.74,4.46,359.62,43.18,183.34229729500012
11,1973,Superior,183.65,9.05,847.5,107.78,183.35096091500012
12,1973,Superior,183.58,15.23,1565.23,125.58,183.35778700500012
1,1974,Superior,183.5,14.99,1551.89,43.61,183.3543300300001
2,1974,Superior,183.44,2.63,1254.61,65.23,183.3560955450001
3,1974,Superior,183.39,2.55,1713.03,112.31,183.3615310600001
4,1974,Superior,183.4,7.62,2714.75,78.83,183.3573120850001
5,1974,Superior,183.52,10.16,1863.02,47.77,183.35321693000012
6,1974,Superior,183.63,-2.08,681.33,57.7,183.3572778100001
7,1974,Superior,183.72,-3.77,531.32,104.44,183.36813824000012
8,1974,Superior,183.77,0.83,398.32,74.72,183.37553149000013
9,1974,Superior,183.79,-2.21,385.67,59.14,183.38126336000013
10,1974,Superior,183.77,0.69,445.56,79.2,183.38899847000013
11,1974,Superior,183.76,0.3,1047.73,63.9,183.39181887000012
12,1974,Superior,183.69,0.05,1359.2,27.06,183.38844191000013
1,1975,Superior,183.62,15.78,1308.73,38.36,183.38547262000012
2,1975,Superior,183.57,11.22,1331.78,76.24,183.38754926000013
3,1975,Superior,183.51,0.38,2041.13,102.04,183.39022089000014
4,1975,Superior,183.46,1.03,2155.94,83.46,183.38991545000013
5,1975,Superior,183.55,-0.09,1152.46,73.76,183.39349108000013
6,1975,Superior,183.62,-0.75,623.07,42.23,183.39577857500012
7,1975,Superior,183.69,-2.34,304.65,84.53,183.40513791000012
8,1975,Superior,183.68,43.65,256.28,85.13,183.41108980500013
9,1975,Superior,183.66,47.19,723.95,110.37,183.41760947000014
10,1975,Superior,183.6,29.09,931.83,66.42,183.41899616000015
11,1975,Superior,183.59,52.79,945.65,105.87,183.42338447500015
12,1975,Superior,183.58,16.79,1199.68,25.74,183.41928219500014
1,1976,Superior,183.49,3.37,955.27,58.09,183.42158126000012
2,1976,Superior,183.42,4.65,2209.7,75.73,183.41973595500014
3,1976,Superior,183.4,0.32,3300.32,36.27,183.40779659000015
4,1976,Superior,183.49,-0.3,2456.61,65.72,183.40385142000014
5,1976,Superior,183.57,-2.95,1943.41,77.28,183.40414924000012
6,1976,Superior,183.59,11.34,921.02,101.29,183.41143878500012
7,1976,Superior,183.63,0.77,763.8,106.88,183.42107773500013
8,1976,Superior,183.62,-1.22,648.19,61.38,183.42570017500012
9,1976,Superior,183.55,-0.1,524.31,73.02,183.4323237550001
10,1976,Superior,183.46,2.04,1220.92,35.66,183.43056490500013
11,1976,Superior,183.35,-1.71,951.41,47.03,183.43189566000012
12,1976,Superior,183.24,-2.21,864.77,118.87,183.44278787500014
1,1977,Superior,183.16,-0.49,556.37,122.46,183.45553690500014
2,1977,Superior,183.1,-1.42,589.98,74.84,183.46216928500016
3,1977,Superior,183.13,2.45,3008.87,82.22,183.45732731500016
4,1977,Superior,183.2,-2.1,2170.0,45.9,183.45245376500014
5,1977,Superior,183.27,-1.76,666.68,79.1,183.45926907500015
6,1977,Superior,183.31,-0.68,315.44,61.22,183.46549128500016
7,1977,Superior,183.4,0.18,360.29,106.85,183.47719178000017
8,1977,Superior,183.44,1.17,615.86,61.52,183.48179999000016
9,1977,Superior,183.58,-0.69,1155.02,59.7,183.48363283000015
10,1977,Superior,183.65,2.03,1772.71,53.16,183.48132959000014
11,1977,Superior,183.62,2.81,1750.53,118.62,183.48735476000013
12,1977,Superior,183.54,0.97,2247.84,82.28,183.48644541000013
1,1978,Superior,183.48,8.45,1779.4,122.19,183.49232099500014
2,1978,Superior,183.36,-2.49,1158.47,134.66,183.50376482500013
3,1978,Superior,183.31,-2.04,1780.58,117.27,183.50986182000014
4,1978,Superior,183.3,1.65,3505.53,25.5,183.49542627000014
5,1978,Superior,183.35,11.73,1321.68,70.11,183.49673665500015
6,1978,Superior,183.44,2.62,448.29,40.94,183.49946189500014
7,1978,Superior,183.52,16.99,231.81,62.49,183.50483164000013
8,1978,Superior,183.57,7.21,287.18,97.02,183.51508476000012
9,1978,Superior,183.61,18.17,402.13,59.33,183.5191075850001
10,1978,Superior,183.55,-2.56,474.79,130.84,183.5334922550001
11,1978,Superior,183.43,12.92,547.3,57.35,183.5369640100001
12,1978,Superior,183.34,26.13,852.62,70.04,183.5394444400001
1,1979,Superior,183.25,-2.89,1486.18,81.93,183.5426117750001
2,1979,Superior,183.21,-3.08,987.78,59.53,183.5454529000001
3,1979,Superior,183.24,14.56,3321.63,37.7,183.5324344400001
4,1979,Superior,183.31,12.97,2685.59,164.2,183.53872722000008
5,1979,Superior,183.5,-1.25,1054.03,62.26,183.5414342100001
6,1979,Superior,183.65,-2.22,512.46,124.55,183.55480730500008
7,1979,Superior,183.68,24.81,246.56,63.72,183.55962547500008
8,1979,Superior,183.68,19.93,298.97,65.78,183.56483746500007
9,1979,Superior,183.67,22.74,652.85,91.66,183.57132626500007
10,1979,Superior,183.61,23.42,767.93,25.28,183.56878751500005
11,1979,Superior,183.6,20.95,1190.46,46.12,183.56697244500006
12,1979,Superior,183.53,19.49,1660.91,71.52,183.56613648500007
1,1980,Superior,183.47,22.81,1041.16,26.94,183.56249098500007
2,1980,Superior,183.4,9.3,411.73,35.85,183.56421406000007
3,1980,Superior,183.33,10.79,1865.77,95.93,183.56614636500007
4,1980,Superior,183.35,33.91,2507.29,75.1,183.56036335500008
5,1980,Superior,183.39,-1.12,833.33,36.87,183.56095148000009
6,1980,Superior,183.43,0.8,558.63,75.55,183.5676506050001
7,1980,Superior,183.46,4.93,456.7,105.9,183.5783641250001
8,1980,Superior,183.49,1.72,373.67,61.13,183.5840894000001
9,1980,Superior,183.55,2.82,395.87,18.47,183.5842180850001
10,1980,Superior,183.53,16.32,672.42,35.45,183.5840184900001
11,1980,Superior,183.46,19.06,1077.66,48.59,183.5832329650001
12,1980,Superior,183.37,10.47,1292.74,54.89,183.58286478000008
1,1981,Superior,183.27,13.09,541.99,76.59,183.5887831750001
2,1981,Superior,183.22,11.1,2478.19,91.6,183.5870805250001
3,1981,Superior,183.22,8.09,1449.72,97.8,183.59154833500008
4,1981,Superior,183.32,14.27,1220.83,81.31,183.59457403000008
5,1981,Superior,183.4,-2.11,882.52,86.04,183.60121640000008
6,1981,Superior,183.47,4.85,597.45,115.92,183.6125001800001
7,1981,Superior,183.51,46.9,457.06,61.26,183.6141653700001
8,1981,Superior,183.49,56.0,618.27,85.88,183.6174018400001
9,1981,Superior,183.41,57.55,1094.18,100.38,183.6199674600001
10,1981,Superior,183.38,51.2,1376.36,106.77,183.62244486500012
11,1981,Superior,183.35,52.79,1695.83,57.17,183.61692173000012
12,1981,Superior,183.28,38.95,1026.47,39.94,183.61368684000013
1,1982,Superior,183.23,26.91,877.56,51.16,183.61359107000013
2,1982,Superior,183.16,21.23,718.43,106.51,183.6217528050001
3,1982,Superior,183.13,3.67,1994.53,77.78,183.62132205500012
4,1982,Superior,183.19,-3.3,2790.84,120.35,183.62285943000012
5,1982,Superior,183.35,13.76,809.12,35.52,183.6221925500001
6,1982,Superior,183.41,1.8,1065.02,61.33,183.62447989500012
7,1982,Superior,183.5,6.15,447.21,61.35,183.6295064700001
8,1982,Superior,183.57,5.89,313.27,110.1,183.64139068000011
9,1982,Superior,183.58,12.01,428.84,86.03,183.64915646500012
10,1982,Superior,183.65,19.82,575.1,41.12,183.64987722500013
11,1982,Superior,183.67,-0.62,1310.05,119.73,183.65852304000012
12,1982,Superior,183.61,0.27,1685.06,74.6,183.6595127700001
1,1983,Superior,183.56,18.44,1142.02,35.09,183.6567479150001
2,1983,Superior,183.49,15.34,1107.23,44.7,183.6556237750001
3,1983,Superior,183.47,-1.73,1134.81,100.09,183.6627512400001
4,1983,Superior,183.48,-5.13,2008.42,74.33,183.66252741500008
5,1983,Superior,183.51,3.56,2127.08,29.62,183.6553505850001
6,1983,Superior,183.59,-5.49,583.35,112.08,183.6670566450001
7,1983,Superior,183.64,-4.0,233.48,78.65,183.6761624700001
8,1983,Superior,183.63,12.34,312.58,115.16,183.6881677700001
9,1983,Superior,183.61,11.86,253.11,66.5,183.69435381000008
10,1983,Superior,183.64,8.6,339.65,151.16,183.71108070000008
11,1983,Superior,183.61,3.26,918.26,53.43,183.71298423500008
12,1983,Superior,183.58,4.57,1848.81,84.12,183.71401119500007
1,1984,Superior,183.49,-4.33,732.27,63.82,183.71877380500007
2,1984,Superior,183.44,3.01,2175.12,69.12,183.71639807500006
3,1984,Superior,183.4,-0.8,1707.03,42.63,183.71332042000006
4,1984,Superior,183.39,18.53,2719.61,80.34,183.70838445000007
5,1984,Superior,183.49,26.36,1735.24,40.34,183.70267610000008
6,1984,Superior,183.59,17.26,820.97,91.41,183.7087365550001
7,1984,Superior,183.65,7.96,397.6,77.2,183.7158695950001
8,1984,Superior,183.66,36.22,435.18,156.33,183.7305356200001
9,1984,Superior,183.63,16.23,539.81,65.51,183.7348089550001
10,1984,Superior,183.61,43.86,379.58,86.45,183.7402943200001
11,1984,Superior,183.58,20.62,681.65,142.33,183.7532205950001
12,1984,Superior,183.55,-2.85,1345.52,102.2,183.7596521450001
1,1985,Superior,183.48,-2.46,1357.6,184.64,183.7764203650001
2,1985,Superior,183.42,37.64,1435.59,49.44,183.7724477350001
3,1985,Superior,183.41,26.61,2506.18,139.95,183.7754651000001
4,1985,Superior,183.45,17.07,1991.18,60.2,183.7717418300001
5,1985,Superior,183.58,6.94,669.33,107.45,183.7814254650001
6,1985,Superior,183.66,26.37,462.0,43.67,183.7825037500001
7,1985,Superior,183.74,42.81,296.52,72.38,183.78670961000012
8,1985,Superior,183.81,50.7,198.91,120.67,183.79687311500012
9,1985,Superior,183.86,49.57,542.11,65.18,183.79839266500014
10,1985,Superior,183.91,60.04,714.77,54.16,183.79680681500014
11,1985,Superior,183.89,52.58,1847.77,24.83,183.78644998000013
12,1985,Superior,183.81,52.76,1223.28,49.45,183.78231544500014
1,1986,Superior,183.7,37.87,1214.63,69.98,183.78202729500015
2,1986,Superior,183.63,48.54,1068.34,60.12,183.78035903500015
3,1986,Superior,183.61,26.8,2288.62,81.12,183.77700681500014
4,1986,Superior,183.68,16.49,1832.74,90.05,183.77789875000013
5,1986,Superior,183.74,36.55,772.14,43.24,183.77654736000014
6,1986,Superior,183.76,15.92,960.14,75.15,183.77996361500013
7,1986,Superior,183.81,58.4,538.12,67.35,183.78106239000013
8,1986,Superior,183.84,29.29,803.33,49.07,183.78088060500014
9,1986,Superior,183.81,42.58,947.63,75.45,183.78223790000013
10,1986,Superior,183.79,54.34,1531.6,66.44,183.77858302000013
11,1986,Superior,183.75,63.17,1160.61,38.98,183.77259417000013
12,1986,Superior,183.67,38.94,1699.1,52.87,183.76763258500014
1,1987,Superior,183.58,36.65,941.28,29.9,183.76373988500015
2,1987,Superior,183.5,31.79,551.01,74.81,183.76787331000014
3,1987,Superior,183.44,26.45,1759.66,92.71,183.76866037500014
4,1987,Superior,183.41,43.82,2221.68,82.96,183.76449699500014
5,1987,Superior,183.42,25.88,453.3,67.0,183.76860971500014
6,1987,Superior,183.46,77.24,508.83,41.06,183.76500321500015
7,1987,Superior,183.5,67.42,419.14,66.1,183.76580814500014
8,1987,Superior,183.55,79.21,241.61,60.48,183.76583480500014
9,1987,Superior,183.53,69.25,462.91,92.83,183.76965400000014
10,1987,Superior,183.46,70.64,549.77,62.83,183.76913130500014
11,1987,Superior,183.4,73.14,920.41,44.19,183.76419495000013
12,1987,Superior,183.37,24.8,1492.03,48.33,183.76083974500014
1,1988,Superior,183.29,22.89,744.8,95.61,183.76735632000015
2,1988,Superior,183.22,35.98,924.02,84.77,183.77054524500014
3,1988,Superior,183.17,8.25,1304.92,47.61,183.76937506000013
4,1988,Superior,183.2,35.5,1584.57,46.84,183.76450197000014
5,1988,Superior,183.24,23.57,890.01,50.16,183.76448799000013
6,1988,Superior,183.26,27.52,244.28,57.62,183.76832640000012
7,1988,Superior,183.27,13.03,239.42,80.7,183.77628242000011
8,1988,Superior,183.39,36.25,203.23,70.99,183.7813102550001
9,1988,Superior,183.44,10.1,259.74,79.53,183.7892540000001
10,1988,Superior,183.41,28.66,577.65,23.6,183.7870296900001
11,1988,Superior,183.46,17.76,1242.37,65.86,183.78771057000012
12,1988,Superior,183.46,45.51,642.87,60.67,183.7884846650001
1,1989,Superior,183.41,33.43,596.57,158.84,183.8028872450001
2,1989,Superior,183.33,19.85,560.74,50.47,183.8048601500001
3,1989,Superior,183.28,2.58,1143.86,54.7,183.8058514200001
4,1989,Superior,183.31,21.11,1923.08,90.19,183.8059351450001
5,1989,Superior,183.39,11.31,1614.14,89.51,183.8082713500001
6,1989,Superior,183.5,15.95,1227.39,40.34,183.8059454600001
7,1989,Superior,183.53,44.85,380.83,79.11,183.81041587500007
8,1989,Superior,183.52,31.79,323.08,71.5,183.81527023500007
9,1989,Superior,183.5,35.59,488.77,77.32,183.81972457500007
10,1989,Superior,183.41,46.2,603.87,36.82,183.81762075500006
11,1989,Superior,183.38,29.53,1341.19,61.45,183.81629630000006
12,1989,Superior,183.27,3.32,745.56,84.58,183.82299895000006
1,1990,Superior,183.19,15.1,1368.92,130.61,183.83145341500006
2,1990,Superior,183.13,32.23,1931.13,71.38,183.82821670500005
3,1990,Superior,183.09,35.66,2181.42,139.5,183.83206789500005
4,1990,Superior,183.08,47.34,2206.11,81.42,183.82750243500004
5,1990,Superior,183.18,49.85,1747.88,129.38,183.83109175500005
6,1990,Superior,183.25,42.86,636.83,108.4,183.83814854500005
7,1990,Superior,183.35,51.6,370.99,95.27,183.84416565000006
8,1990,Superior,183.36,42.09,259.46,64.32,183.84759554000007
9,1990,Superior,183.38,66.87,231.9,57.88,183.84834139000006
10,1990,Superior,183.39,57.42,996.59,79.89,183.84881350500007
11,1990,Superior,183.38,35.33,1112.17,116.42,183.85511805500008
12,1990,Superior,183.31,21.0,1889.51,59.42,183.85148613500007
1,1991,Superior,183.23,52.51,1724.2,36.6,183.84324172500007
2,1991,Superior,183.16,46.16,1362.31,107.47,183.84628617000007
3,1991,Superior,183.14,49.75,2395.18,58.01,183.83761878500007
4,1991,Superior,183.22,30.19,2415.47,80.8,183.83331724500007
5,1991,Superior,183.32,43.92,919.8,67.96,183.83375766500006
6,1991,Superior,183.37,59.62,370.55,99.39,183.83964853000006
7,1991,Superior,183.46,71.11,228.58,65.42,183.84102135000006
8,1991,Superior,183.46,70.53,205.17,71.21,183.84329063500007
9,1991,Superior,183.44,64.06,245.08,71.56,183.84592871500007
10,1991,Superior,183.43,76.28,407.94,98.99,183.85023257000006
11,1991,Superior,183.46,75.71,520.51,124.2,183.85720881000006
12,1991,Superior,183.45,52.65,902.12,115.03,183.86298485500006
1,1992,Superior,183.37,88.26,884.19,29.42,183.85513647500005
2,1992,Superior,183.3,71.65,846.12,90.4,183.85653782500006
3,1992,Superior,183.25,44.1,1662.07,54.15,183.85150535000005
4,1992,Superior,183.22,59.26,2556.65,64.08,183.84202816000004
5,1992,Superior,183.32,60.53,1159.05,77.48,183.84113120000004
6,1992,Superior,183.36,48.11,538.17,76.04,183.84416250000004
7,1992,Superior,183.45,70.08,769.65,92.59,183.84635040500004
8,1992,Superior,183.47,78.92,896.78,107.7,183.84909803500003
9,1992,Superior,183.52,69.68,894.05,95.63,183.85108090000003
10,1992,Superior,183.54,72.36,927.32,74.12,183.84995932000004
11,1992,Superior,183.5,70.4,2015.37,72.48,183.84334879000005
12,1992,Superior,183.47,66.28,1534.04,89.47,183.84162786500005
1,1993,Superior,183.41,70.02,2244.42,48.25,183.83083777000004
2,1993,Superior,183.32,74.26,950.56,65.96,183.82841385000003
3,1993,Superior,183.24,64.44,1366.24,91.1,183.82788716000005
4,1993,Superior,183.24,49.87,4174.83,90.08,183.81436866000004
5,1993,Superior,183.38,64.18,1338.87,34.43,183.80683112500003
6,1993,Superior,183.48,68.17,820.97,54.21,183.80406207000004
7,1993,Superior,183.56,75.67,330.31,77.48,183.80608247000004
8,1993,Superior,183.62,71.93,273.5,59.19,183.80637617500003
9,1993,Superior,183.62,93.32,384.75,135.98,183.81409497500002
10,1993,Superior,183.58,74.58,690.2,86.73,183.81557434
11,1993,Superior,183.52,65.19,1061.54,87.57,183.816063855
12,1993,Superior,183.46,50.96,1310.66,64.84,183.813585055
1,1994,Superior,183.39,52.62,629.56,93.56,183.818010375
2,1994,Superior,183.32,69.09,967.01,77.42,183.817372665
3,1994,Superior,183.28,57.81,1643.04,88.81,183.81570932
4,1994,Superior,183.3,50.45,3137.92,97.13,183.808220215
5,1994,Superior,183.4,53.74,1295.68,82.36,183.807807415
6,1994,Superior,183.46,75.06,656.5,106.45,183.81191098000002
7,1994,Superior,183.53,82.32,438.43,79.52,183.81311019000003
8,1994,Superior,183.56,72.6,426.68,75.16,183.81460393000003
9,1994,Superior,183.59,62.84,350.53,70.16,183.81663648000003
10,1994,Superior,183.56,49.45,455.25,74.65,183.81979800500002
11,1994,Superior,183.5,53.22,966.74,72.14,183.81977919500002
12,1994,Superior,183.42,50.07,1082.83,124.83,183.82610037000003
1,1995,Superior,183.33,42.48,1710.44,52.63,183.82076498500004
2,1995,Superior,183.24,52.13,804.77,92.21,183.82418317000003
3,1995,Superior,183.19,67.76,1495.69,65.41,183.81949052500002
4,1995,Superior,183.2,38.56,687.13,53.95,183.81975619000002
5,1995,Superior,183.26,47.46,568.52,89.03,183.824331625
6,1995,Superior,183.31,51.54,414.73,91.46,183.829652925
7,1995,Superior,183.37,77.14,245.63,59.82,183.829743665
8,1995,Superior,183.4,52.8,234.36,81.87,183.83465162
9,1995,Superior,183.44,51.33,248.92,64.59,183.83741992499998
10,1995,Superior,183.49,67.7,931.91,32.06,183.831332265
11,1995,Superior,183.48,49.47,1657.08,62.99,183.82700802999997
12,1995,Superior,183.41,60.04,982.76,68.33,183.82587473499999
1,1996,Superior,183.34,65.36,1939.73,111.01,183.82492469
2,1996,Superior,183.32,93.82,1987.96,53.01,183.81409123499998
3,1996,Superior,183.3,76.89,1602.56,32.01,183.80389960999997
4,1996,Superior,183.31,78.79,2630.97,102.38,183.79731384
5,1996,Superior,183.46,63.29,2617.48,94.86,183.79109974
6,1996,Superior,183.6,66.37,1104.74,66.76,183.78864521
7,1996,Superior,183.7,83.51,720.63,130.23,183.794751845
8,1996,Superior,183.78,86.76,389.53,53.91,183.79259625
9,1996,Superior,183.78,61.99,585.27,74.8,183.79411091
10,1996,Superior,183.71,52.89,999.9,69.33,183.793597565
11,1996,Superior,183.67,60.45,1854.86,84.47,183.79011227
12,1996,Superior,183.63,62.44,2315.11,87.28,183.78452000000001
1,1997,Superior,183.59,78.33,1581.26,75.72,183.77984755000003
2,1997,Superior,183.54,59.21,1695.03,104.7,183.77982094000004
3,1997,Superior,183.51,85.04,2401.01,76.24,183.77057201000002
4,1997,Superior,183.55,86.18,2286.22,113.4,183.76650543000002
5,1997,Superior,183.64,87.38,1390.97,44.3,183.75807675000001
6,1997,Superior,183.65,94.67,695.83,70.3,183.75582228000002
7,1997,Superior,183.72,86.06,387.08,73.72,183.7562416
8,1997,Superior,183.68,100.06,301.72,92.13,183.75828258500002
9,1997,Superior,183.64,68.23,382.29,82.76,183.76131364500003
10,1997,Superior,183.61,91.8,549.35,57.17,183.75836310000003
11,1997,Superior,183.56,87.85,1147.71,73.0,183.75474320000004
12,1997,Superior,183.48,75.06,1168.32,93.04,183.75459130000004
1,1998,Superior,183.4,67.22,2796.27,103.58,183.74826800000005
2,1998,Superior,183.34,93.2,1533.7,60.38,183.74068837000004
3,1998,Superior,183.29,67.1,2559.17,16.5,183.72454467000006
4,1998,Superior,183.35,74.15,1778.63,26.46,183.71299256000006
5,1998,Superior,183.34,90.06,813.68,110.17,183.71556580500007
6,1998,Superior,183.39,82.62,679.32,31.99,183.70952372000008
7,1998,Superior,183.41,80.76,826.26,20.13,183.70139730500009
8,1998,Superior,183.38,52.83,450.2,83.79,183.7054665100001
9,1998,Superior,183.33,97.55,402.45,90.15,183.70695668500008
10,1998,Superior,183.26,88.29,475.41,109.98,183.71134061500007
11,1998,Superior,183.21,59.91,506.08,96.19,183.71612554000006
12,1998,Superior,183.19,87.35,582.08,30.73,183.71002713500008
1,1999,Superior,183.12,65.63,1011.49,78.14,183.70953836500007
2,1999,Superior,183.1,50.34,1317.16,56.2,183.70598432500006
3,1999,Superior,183.06,71.67,1455.05,76.65,183.70260003000007
4,1999,Superior,183.11,77.37,1643.97,57.66,183.69540720000006
5,1999,Superior,183.2,76.79,510.24,73.25,183.69590213500007
6,1999,Superior,183.31,69.41,333.52,111.6,183.70272972500007
7,1999,Superior,183.43,70.54,367.9,73.98,183.70453495500007
8,1999,Superior,183.47,78.12,243.01,153.15,183.71636566000006
9,1999,Superior,183.44,100.46,355.21,113.84,183.72085311000006
10,1999,Superior,183.38,74.01,558.84,109.01,183.72585386500006
11,1999,Superior,183.32,98.91,832.14,78.7,183.72363700500006
12,1999,Superior,183.24,101.41,1020.8,147.98,183.72903826500007
1,2000,Superior,183.16,46.69,967.26,87.89,183.73153816000007
2,2000,Superior,183.08,90.04,1016.68,52.82,183.72584325000008
3,2000,Superior,183.08,88.74,1785.59,86.89,183.72071894500007
4,2000,Superior,183.12,58.08,2221.42,77.75,183.71474274000008
5,2000,Superior,183.16,55.48,1989.51,182.07,183.72333316500007
6,2000,Superior,183.24,55.86,1244.87,114.99,183.72713039000007
7,2000,Superior,183.33,73.2,705.14,63.05,183.72565131500008
8,2000,Superior,183.31,82.07,673.34,76.43,183.7253053400001
9,2000,Superior,183.27,92.59,480.33,57.8,183.7227156000001
10,2000,Superior,183.2,107.81,529.58,75.38,183.7208706600001
11,2000,Superior,183.15,74.56,694.34,88.53,183.72255864500008
12,2000,Superior,183.06,97.1,1083.62,95.96,183.7214143850001
1,2001,Superior,182.98,64.27,669.62,75.52,183.72241369500009
2,2001,Superior,182.94,85.34,1390.4,58.99,183.7160113900001
3,2001,Superior,182.91,69.43,1501.36,155.38,183.72253633000008
4,2001,Superior,183.01,66.54,2681.14,118.7,183.71875644000008
5,2001,Superior,183.24,73.31,730.49,60.66,183.7168393700001
6,2001,Superior,183.33,68.38,575.64,104.36,183.72162393000008
7,2001,Superior,183.36,86.54,321.73,83.04,183.72351010000008
8,2001,Superior,183.39,79.67,227.6,82.93,183.72640947500008
9,2001,Superior,183.37,64.82,386.09,71.79,183.72831004000008
10,2001,Superior,183.3,71.36,508.47,83.57,183.73055913500008
11,2001,Superior,183.29,79.49,672.14,90.7,183.73223329500007
12,2001,Superior,183.3,81.74,1032.27,98.62,183.73292643500008
1,2002,Superior,183.22,72.87,865.74,136.55,183.73996884000007
2,2002,Superior,183.14,72.29,1398.13,52.93,183.73381834500006
3,2002,Superior,183.11,73.92,1637.09,59.41,183.72716074000007
4,2002,Superior,183.14,82.38,2319.03,56.1,183.71598946000006
5,2002,Superior,183.26,82.58,2024.99,106.1,183.71259718000005
6,2002,Superior,183.31,66.25,1317.98,100.57,183.71336313500004
7,2002,Superior,183.36,97.69,405.06,132.23,183.72015204000004
8,2002,Superior,183.4,88.39,229.72,80.43,183.72201824500004
9,2002,Superior,183.42,69.86,268.89,51.6,183.72154253500005
10,2002,Superior,183.44,70.21,431.73,104.88,183.72696419500005
11,2002,Superior,183.36,92.41,707.58,65.01,183.72416485000005
12,2002,Superior,183.26,60.39,893.28,48.72,183.72096994000006
1,2003,Superior,183.16,84.73,870.55,74.77,183.71921246500006
2,2003,Superior,183.07,64.98,779.43,78.21,183.71994550000005
3,2003,Superior,183.03,84.27,2384.45,50.5,183.70758563000004
4,2003,Superior,183.08,61.65,2232.17,89.25,183.70272125500003
5,2003,Superior,183.18,69.42,1555.34,49.31,183.69555925000003
6,2003,Superior,183.23,128.46,1063.5,47.77,183.68587939500003
7,2003,Superior,183.26,63.6,410.34,25.99,183.68196383000003
8,2003,Superior,183.29,63.44,696.89,107.91,183.68699135500003
9,2003,Superior,183.27,63.41,391.0,225.32,183.70840312500002
10,2003,Superior,183.26,58.02,989.55,30.4,183.702601355
11,2003,Superior,183.23,76.0,1885.41,40.39,183.69212764000002
12,2003,Superior,183.19,83.6,2077.69,66.97,183.68343929500003
1,2004,Superior,183.14,92.25,1308.96,116.66,183.68417973500001
2,2004,Superior,183.07,92.14,712.64,67.24,183.681659055
3,2004,Superior,183.07,80.45,2257.32,42.29,183.66920569
4,2004,Superior,183.13,65.14,2365.84,81.45,183.662403575
5,2004,Superior,183.23,53.65,1711.64,10.4,183.65081532500002
6,2004,Superior,183.35,85.24,833.08,36.38,183.64434755500002
7,2004,Superior,183.4,93.35,722.87,94.22,183.645090685
8,2004,Superior,183.42,81.97,723.12,27.31,183.63829023000002
9,2004,Superior,183.46,74.89,1553.77,101.36,183.63727733000002
10,2004,Superior,183.47,77.38,541.13,79.51,183.63836191500002
11,2004,Superior,183.46,93.35,930.02,59.01,183.63361523000003
12,2004,Superior,183.38,60.36,1985.24,102.18,183.63172564000004
1,2005,Superior,183.32,46.87,1961.29,49.6,183.62439712000005
2,2005,Superior,183.27,103.2,1394.83,82.21,183.61946333500006
3,2005,Superior,183.22,60.15,1377.86,99.04,183.62023044500006
4,2005,Superior,183.26,68.38,2897.52,43.59,183.60571820000007
5,2005,Superior,183.31,53.58,870.23,46.31,183.60288528500007
6,2005,Superior,183.39,72.32,505.54,90.43,183.60593906000008
7,2005,Superior,183.42,89.01,448.91,76.23,183.60612779500008
8,2005,Superior,183.38,79.59,292.76,67.05,183.60669903000007
9,2005,Superior,183.35,91.13,700.8,98.22,183.60823833000006
10,2005,Superior,183.38,104.15,1385.46,97.73,183.60523772500005
11,2005,Superior,183.35,76.52,1625.26,100.45,183.60362023000005
12,2005,Superior,183.3,73.95,1625.23,43.23,183.59497272500005
1,2006,Superior,183.24,98.85,2150.18,105.81,183.58959994000006
2,2006,Superior,183.18,53.76,1966.33,30.98,183.57933270000007
3,2006,Superior,183.12,81.51,1678.6,77.5,183.57414114000008
4,2006,Superior,183.16,73.05,1219.17,79.57,183.57219384500007
5,2006,Superior,183.24,90.27,728.46,65.28,183.56949759500006
6,2006,Superior,183.3,105.11,853.46,111.46,183.57081607500007
7,2006,Superior,183.31,80.21,1131.65,94.16,183.57057205500007
8,2006,Superior,183.3,73.77,465.15,118.73,183.57729028000006
9,2006,Superior,183.2,64.55,730.64,67.99,183.57700926500004
10,2006,Superior,183.13,81.47,1901.37,74.72,183.57035542500003
11,2006,Superior,183.04,85.0,2262.81,81.36,183.56244841500003
12,2006,Superior,182.98,67.74,2145.79,29.26,183.54993391500003
1,2007,Superior,182.92,66.77,2109.07,167.11,183.55511961000002
2,2007,Superior,182.83,80.3,840.14,89.66,183.55575660000002
3,2007,Superior,182.79,82.72,2493.54,54.05,183.54342590500002
4,2007,Superior,182.85,83.81,2767.57,47.01,183.52874621
5,2007,Superior,182.87,85.21,970.64,84.75,183.527711875
6,2007,Superior,182.94,64.84,404.77,39.28,183.525404905
7,2007,Superior,183.0,80.28,336.2,91.54,183.528801035
8,2007,Superior,183.01,103.61,229.03,75.35,183.52879524999997
9,2007,Superior,183.02,86.58,217.74,88.02,183.53182809999998
10,2007,Superior,183.18,102.92,577.82,51.69,183.52714126499998
11,2007,Superior,183.18,85.03,945.89,98.96,183.52804282499997
12,2007,Superior,183.11,90.9,1528.61,161.01,183.53340463999996
1,2008,Superior,183.08,67.51,1857.35,71.02,183.52763360999995
2,2008,Superior,183.03,102.94,1987.54,110.24,183.52330312999996
3,2008,Superior,182.97,80.2,2187.02,93.18,183.51765909999995
4,2008,Superior,183.01,86.67,3097.53,79.18,183.50516744999996
5,2008,Superior,183.18,91.52,836.37,105.99,183.50698021499997
6,2008,Superior,183.29,74.67,547.57,112.92,183.51247847499997
7,2008,Superior,183.41,78.42,677.14,113.14,183.51705296499998
8,2008,Superior,183.42,71.93,855.9,79.09,183.51695201999996
9,2008,Superior,183.37,101.63,436.84,94.64,183.51850774999997
10,2008,Superior,183.32,92.3,767.05,111.02,183.52124022999996
11,2008,Superior,183.27,83.05,1354.31,159.93,183.52797277499997
12,2008,Superior,183.19,108.27,2246.23,91.93,183.51960089999997
1,2009,Superior,183.14,73.65,1406.25,139.79,183.52428743499996
2,2009,Superior,183.1,86.57,1793.97,89.31,183.51960312999995
3,2009,Superior,183.09,103.76,2380.36,116.05,183.51397709499994
4,2009,Superior,183.12,116.54,2093.07,86.71,183.50504081999995
5,2009,Superior,183.24,69.91,1211.45,72.57,183.50250096499994
6,2009,Superior,183.3,74.02,710.92,54.23,183.49981083999995
7,2009,Superior,183.34,78.65,733.89,89.78,183.50112790999995
8,2009,Superior,183.39,120.07,646.45,42.78,183.49358165999996
9,2009,Superior,183.42,85.5,349.06,54.97,183.49186456499996
10,2009,Superior,183.36,91.16,815.62,59.81,183.48796846999997
11,2009,Superior,183.35,92.79,821.24,73.25,183.48561240499998
12,2009,Superior,183.3,103.6,1324.46,73.01,183.47983426999997
1,2010,Superior,183.21,69.68,1249.13,50.9,183.47438338999996
2,2010,Superior,183.14,86.03,855.76,83.74,183.47372926999995
3,2010,Superior,183.09,78.51,2129.79,53.6,183.46350140999996
4,2010,Superior,183.08,68.93,942.06,133.21,183.47005884499995
5,2010,Superior,183.08,75.58,722.69,55.91,183.46739602999995
6,2010,Superior,183.13,75.61,850.48,104.0,183.47017521999996
7,2010,Superior,183.19,61.31,621.97,122.78,183.47763092999995
8,2010,Superior,183.2,109.04,540.6,83.78,183.47669385999995
9,2010,Superior,183.22,83.92,432.46,129.43,183.48410693499994
10,2010,Superior,183.19,76.11,1634.02,99.53,183.48236246999994
11,2010,Superior,183.14,81.39,1139.25,86.94,183.48107153999993
12,2010,Superior,183.07,113.04,1784.6,58.15,183.47034827499994
1,2011,Superior,183.0,80.56,858.98,108.68,183.47327603499994
2,2011,Superior,182.93,62.97,1009.55,98.97,183.47564741999994
3,2011,Superior,182.87,49.69,3316.64,86.48,183.46597904999993
4,2011,Superior,182.91,45.71,3136.2,61.14,183.45432974999994
5,2011,Superior,183.04,64.46,2934.02,34.17,183.43876089499994
6,2011,Superior,183.15,63.47,958.57,130.85,183.44537949999994
7,2011,Superior,183.25,82.44,366.99,59.31,183.44436962499995
8,2011,Superior,183.28,62.98,457.91,79.7,183.44706074499996
9,2011,Superior,183.23,99.52,634.68,69.9,183.44466857499995
10,2011,Superior,183.21,78.22,1031.81,61.76,183.44098634499994
11,2011,Superior,183.16,79.57,988.72,123.1,183.44516972499994
12,2011,Superior,183.09,87.42,1622.52,113.29,183.44430728999995
1,2012,Superior,183.01,95.11,1592.15,69.92,183.43748750999995
2,2012,Superior,182.94,89.37,1313.09,176.81,183.44604955499995
3,2012,Superior,182.93,95.55,1593.53,57.96,183.43767429499994
4,2012,Superior,183.0,93.11,900.89,110.26,183.43957582499993
5,2012,Superior,183.06,65.13,980.3,76.59,183.43908742999994
6,2012,Superior,183.2,109.79,515.1,124.31,183.44334415499995
7,2012,Superior,183.3,90.13,239.46,57.52,183.44212260499995
8,2012,Superior,183.27,87.04,231.27,68.88,183.44262933499996
9,2012,Superior,183.2,63.76,307.65,118.58,183.45092689499995
10,2012,Superior,183.12,80.2,615.66,93.85,183.45322441999994
11,2012,Superior,183.1,84.49,654.3,105.42,183.45644485999995
12,2012,Superior,183.05,112.16,1157.33,128.13,183.45778169499994
1,2013,Superior,182.98,92.65,1358.25,90.19,183.45489482999994
2,2013,Superior,182.94,82.31,1335.03,91.75,183.45315894499996
3,2013,Superior,182.9,81.17,1533.24,50.93,183.44536061999995
4,2013,Superior,182.92,75.66,2268.87,99.7,183.44049985999993
5,2013,Superior,183.11,82.64,832.38,80.14,183.43978182999993
6,2013,Superior,183.26,55.12,1523.99,76.11,183.43732507499993
7,2013,Superior,183.37,87.06,954.15,81.9,183.43586281499992
8,2013,Superior,183.44,74.55,474.56,124.99,183.44326269999993
9,2013,Superior,183.48,64.19,421.31,83.27,183.44649041499994
10,2013,Superior,183.45,88.75,702.86,116.69,183.45054864999994
11,2013,Superior,183.4,50.37,1446.75,88.16,183.45038716999994
12,2013,Superior,183.35,111.13,1660.62,95.75,183.44519491499995
1,2014,Superior,183.29,83.23,1640.58,97.71,183.44261069999993
2,2014,Superior,183.24,48.89,932.15,43.29,183.43946604499993
3,2014,Superior,183.23,81.82,1281.31,93.18,183.43821934499994
4,2014,Superior,183.27,63.38,3943.48,88.8,183.42460136499994
5,2014,Superior,183.47,96.32,2010.18,24.63,183.40986423999993
6,2014,Superior,183.6,112.12,1058.53,72.89,183.40471045499993
7,2014,Superior,183.66,110.13,649.98,59.26,183.40003641499993
8,2014,Superior,183.67,58.23,779.44,33.64,183.39567804499993
9,2014,Superior,183.7,77.15,414.62,60.41,183.39499765999992
10,2014,Superior,183.71,99.53,633.4,86.7,183.3947362799999
11,2014,Superior,183.67,94.93,927.79,142.07,183.4003798549999
12,2014,Superior,183.6,115.22,1368.26,56.47,183.3913491899999
1,2015,Superior,183.54,74.21,920.94,61.89,183.3885625649999
2,2015,Superior,183.47,113.29,468.92,60.49,183.38469345999988
3,2015,Superior,183.42,114.75,1072.67,99.57,183.3826309649999
4,2015,Superior,183.44,95.47,2568.38,70.07,183.3709198499999
5,2015,Superior,183.53,120.67,685.39,64.09,183.3658260149999
6,2015,Superior,183.63,115.55,1798.5,98.07,183.3598798199999
7,2015,Superior,183.68,130.27,932.54,48.1,183.3507498999999
8,2015,Superior,183.68,98.65,350.34,59.16,183.34849128999988
9,2015,Superior,183.69,90.82,302.63,84.73,183.3503400649999
10,2015,Superior,183.6,141.95,643.08,50.37,183.3419985199999
11,2015,Superior,183.58,87.22,811.7,110.67,183.34487495499988
12,2015,Superior,183.59,140.78,1148.43,35.04,183.33216218499987
1,2016,Superior,183.55,113.28,1356.64,60.84,183.32389956499986
2,2016,Superior,183.49,120.18,1874.43,75.61,183.31435749999986
3,2016,Superior,183.46,142.05,2103.39,74.64,183.30177645999987
4,2016,Superior,183.48,94.23,1417.25,71.31,183.29607829499986
5,2016,Superior,183.5,73.85,673.95,57.45,183.29399411999987
6,2016,Superior,183.61,113.39,365.64,83.23,183.29350992499985
7,2016,Superior,183.69,90.06,230.11,61.67,183.29286576999985
8,2016,Superior,183.7,144.19,282.0,82.67,183.29023413499985
9,2016,Superior,183.7,126.12,233.64,81.42,183.28914984499986
10,2016,Superior,183.68,117.2,698.62,89.51,183.28748655999985
11,2016,Superior,183.59,93.76,738.32,92.18,183.28786116999984
12,2016,Superior,183.54,76.95,1257.87,108.05,183.28900719499984
1,2017,Superior,183.47,64.46,1768.86,117.54,183.28981044499983
2,2017,Superior,183.43,50.44,1705.74,78.29,183.28709978999984
3,2017,Superior,183.39,72.36,1889.52,96.19,183.28395906499983
4,2017,Superior,183.41,82.83,3107.46,57.73,183.26901537999984
5,2017,Superior,183.56,112.79,2427.67,133.3,183.26460348999984
6,2017,Superior,183.67,103.18,1313.12,83.41,183.26023167499983
7,2017,Superior,183.75,110.27,1300.91,80.32,183.25495573499984
8,2017,Superior,183.78,138.26,638.3,73.96,183.24992111499984
9,2017,Superior,183.8,107.84,409.7,56.77,183.24631897999984
10,2017,Superior,183.81,81.42,742.96,74.39,183.24541949499985
11,2017,Superior,183.78,143.09,2251.72,132.89,183.23938118999985
12,2017,Superior,183.72,95.49,1051.88,75.76,183.23597073999986
1,2018,Superior,183.65,134.35,1989.63,84.04,183.22577129999985
2,2018,Superior,183.58,92.39,2097.18,98.18,183.22022157999984
3,2018,Superior,183.54,97.39,1592.92,64.89,183.21257697499985
4,2018,Superior,183.47,118.62,2579.06,48.51,183.19620996999984
5,2018,Superior,183.5,145.35,1242.94,54.85,183.18516044499984
6,2018,Superior,183.56,97.81,452.51,144.56,183.19326212499985
7,2018,Superior,183.65,109.57,377.67,76.72,183.19220368499984
8,2018,Superior,183.65,98.49,454.98,85.69,183.19279087999985
9,2018,Superior,183.7,97.79,387.77,67.87,183.19151659499985
10,2018,Superior,183.77,76.81,741.34,56.57,183.18874438999984
11,2018,Superior,183.76,132.82,1695.17,47.56,183.17552645999984
12,2018,Superior,183.67,73.3,1995.82,97.35,183.17192483499986
1,2019,Superior,183.62,83.52,1531.59,54.86,183.16444155499985
2,2019,Superior,183.58,93.0,1841.98,49.57,183.15396925999985
3,2019,Superior,183.57,103.77,1776.18,54.68,183.14360000999986
4,2019,Superior,183.61,132.65,2708.1,93.24,183.13110971999987
5,2019,Superior,183.77,82.62,2184.08,78.98,183.12348806999987
6,2019,Superior,183.84,100.83,1387.12,56.81,183.11557170499987
7,2019,Superior,183.86,85.19,583.92,88.98,183.11700768499986
8,2019,Superior,183.86,100.07,345.67,118.18,183.12212343499985
9,2019,Superior,183.86,119.42,380.38,71.75,183.11962488999984
10,2019,Superior,183.88,85.26,913.78,100.56,183.12087076999984
11,2019,Superior,183.81,108.72,1584.14,110.41,183.11811061499984
12,2019,Superior,183.74,123.32,1626.7,114.8,183.11451039499983
1,2020,Superior,183.71,113.11,2055.94,91.4,183.10663088499982
2,2020,Superior,183.64,119.16,1383.78,65.85,183.0983900499998
3,2020,Superior,183.57,85.7,2467.51,80.76,183.0893269399998
4,2020,Superior,183.62,90.71,1395.79,116.23,183.08970357499982
5,2020,Superior,183.64,109.37,1314.25,83.49,183.08483483999981
6,2020,Superior,183.7,76.56,420.3,50.43,183.0829113749998
7,2020,Superior,183.76,52.49,445.82,67.22,183.08493391499982
8,2020,Superior,183.81,119.69,270.27,84.4,183.08456427499982
9,2020,Superior,183.79,128.17,-999.99,84.43,183.08986284999983
10,2020,Superior,183.76,74.25,-999.99,77.31,183.09862826499983
11,2020,Superior,183.71,90.07,-999.99,98.83,183.10883453999983
12,2020,Superior,183.63,98.45,-999.99,85.05,183.11661886499982
