month,year,water level,precipitation,flow,evaporation,pre-error approximation,actual,residuals
1,1988,74.53,0.09561,0.7447999999999999,0.02289,63.95178142521246,74.53,10.638218574787544
2,1988,74.59,0.08477,0.92402,0.03598,64.16847919809676,74.59,10.421520801903242
3,1988,74.59,0.04761,1.30492,0.00825,64.69504894010134,74.59,10.054951059898656
4,1988,74.75,0.04684000000000001,1.58457,0.0355,65.26561105613894,74.75,9.614388943861059
5,1988,74.88,0.050159999999999996,0.89001,0.02357,64.45312382835618,74.88,10.466876171643818
6,1988,74.92,0.05762,0.24428,0.02752,64.12922732821848,74.92,10.730772671781523
7,1988,74.86,0.08070000000000001,0.23942,0.01303,64.13115102457891,74.86,10.668848975421085
8,1988,74.8,0.07099,0.20323,0.03625,63.34861826245499,74.8,11.331381737545016
9,1988,74.68,0.07953,0.25974,0.0101,63.76393246902155,74.68,10.796067530978455
10,1988,74.56,0.023600000000000003,0.57765,0.02866,64.40099730488433,74.56,10.139002695115678
11,1988,74.54,0.06586,1.24237,0.01776,64.60308176802282,74.54,9.856918231977176
12,1988,74.46,0.06067,0.64287,0.045509999999999995,64.08895558213969,74.46,10.331044417860312
1,1989,74.42,0.15884,0.59657,0.03343,63.76877452091645,74.42,10.661225479083555
2,1989,74.43,0.05047,0.56074,0.019850000000000003,63.96122390518149,74.43,10.42877609481851
3,1989,74.39,0.054700000000000006,1.1438599999999999,0.0025800000000000003,64.49013125053962,74.39,10.209868749460384
4,1989,74.7,0.09018999999999999,1.92308,0.02111,65.57659148513166,74.7,9.413408514868337
5,1989,74.99,0.08951,1.6141400000000001,0.01131,65.3626876826914,74.99,9.857312317308597
6,1989,75.22,0.04034,1.2273900000000002,0.01595,65.15639091245636,75.22,10.033609087543638
7,1989,75.19,0.07911,0.38083,0.04485,64.41145336244594,75.19,10.608546637554056
8,1989,75.02,0.0715,0.32308,0.03179,64.06186264122653,75.02,10.778137358773478
9,1989,74.84,0.07732,0.48877,0.035590000000000004,64.26248492806468,74.84,10.437515071935323
10,1989,74.7,0.03682,0.60387,0.046200000000000005,64.05600064504155,74.7,10.593999354958456
11,1989,74.65,0.061450000000000005,1.34119,0.02953,64.84400212491549,74.65,9.735997875084507
12,1989,74.58,0.08458,0.74556,0.00332,64.07971698320682,74.58,10.460283016793184
1,1990,74.54,0.13061,1.3689200000000001,0.015099999999999999,64.8205229940148,74.54,9.79947700598521
2,1990,74.62,0.07138,1.93113,0.032229999999999995,65.36559486222768,74.62,9.404405137772315
3,1990,74.77,0.1395,2.18142,0.03566,65.80241905887675,74.77,9.177580941123253
4,1990,74.98,0.08142,2.2061100000000002,0.04734,66.07286752153796,74.98,9.037132478462041
5,1990,75.11,0.12938,1.74788,0.04985,65.33155452615914,75.11,9.808445473840862
6,1990,75.14,0.10840000000000001,0.63683,0.04286,64.66822982510297,75.14,10.341770174897036
7,1990,75.01,0.09527,0.37099,0.0516,64.22589780144426,75.01,10.644102198555743
8,1990,74.87,0.06431999999999999,0.25945999999999997,0.04209,63.88250226472339,74.87,10.81749773527661
9,1990,74.7,0.05788,0.2319,0.06687,63.608630685282094,74.7,11.031369314717907
10,1990,74.64,0.07989,0.9965900000000001,0.05742,64.28202430713937,74.64,10.337975692860638
11,1990,74.62,0.11642,1.11217,0.03533,64.7566435346474,74.62,9.89335646535261
12,1990,74.65,0.05942,1.88951,0.021,65.24245432792085,74.65,9.687545672079153
1,1991,74.93,0.0366,1.7242,0.05251,65.544106864326,74.93,9.455893135674003
2,1991,75.0,0.10747,1.36231,0.04616,65.13374444961822,75.0,9.926255550381782
3,1991,75.06,0.05801,2.39518,0.04975,66.1994041529367,75.06,9.000595847063309
4,1991,75.2,0.0808,2.41547,0.03019,66.44165195678782,75.2,8.848348043212184
5,1991,75.29,0.06795999999999999,0.9198,0.04392,64.82881785404038,75.29,10.351182145959626
6,1991,75.18,0.09939,0.37055,0.05962,64.30671452643661,75.18,10.733285473563399
7,1991,75.04,0.06542,0.22858,0.07110999999999999,64.01359962579096,75.04,10.84640037420904
8,1991,74.86,0.07121,0.20517,0.07053,63.793455959676734,74.86,10.846544040323266
9,1991,74.64,0.07156,0.24508000000000002,0.06406,63.772193466087884,74.64,10.71780653391211
10,1991,74.49,0.09899,0.40794,0.07628,63.75297079062885,74.49,10.607029209371149
11,1991,74.36,0.1242,0.52051,0.07571,63.6458627517773,74.36,10.7441372482227
12,1991,74.39,0.11503000000000001,0.90212,0.052649999999999995,64.10273889309727,74.39,10.33726110690273
1,1992,74.44,0.02942,0.88419,0.08826,64.25980831934315,74.44,10.190191680656852
2,1992,74.45,0.09040000000000001,0.84612,0.07165,63.95813734814123,74.45,10.601862651858774
3,1992,74.56,0.05415,1.66207,0.0441,65.01476760893597,74.56,9.825232391064034
4,1992,74.84,0.06408,2.5566500000000003,0.05926,66.2646133376204,74.84,8.845386662379596
5,1992,75.11,0.07748000000000001,1.15905,0.06053,64.98252536642889,75.11,10.06747463357111
6,1992,75.05,0.07604000000000001,0.5381699999999999,0.04811,64.41167990522634,75.05,10.588320094773664
7,1992,75.0,0.09259,0.76965,0.07008,64.41137650003013,75.0,10.618623499969871
8,1992,75.03,0.1077,0.89678,0.07892,64.75673625036445,75.03,10.22326374963555
9,1992,74.98,0.09562999999999999,0.8940499999999999,0.06968,64.72769150015951,74.98,10.122308499840486
10,1992,74.85,0.07412,0.92732,0.07236,64.43026525461397,74.85,10.389734745386022
11,1992,74.82,0.07248,2.01537,0.0704,65.75687891797432,74.82,9.10312108202568
12,1992,74.86,0.08947,1.53404,0.06628,65.15633242276803,74.86,9.883667577231975
1,1993,75.04,0.04825,2.24442,0.07002,65.79554544410728,75.04,9.36445455589272
2,1993,75.16,0.06595999999999999,0.95056,0.07426,64.68611990054654,75.16,10.453880099453457
3,1993,75.14,0.0911,1.36624,0.06444,65.41301205778073,75.14,10.006987942219268
4,1993,75.42,0.09008,4.17483,0.04987,68.07735387517468,75.42,7.53264612482532
5,1993,75.61,0.03443,1.3388699999999998,0.06418,65.75110762012834,75.61,9.708892379871656
6,1993,75.46,0.05421,0.82097,0.06817000000000001,64.94516775842624,75.46,10.294832241573758
7,1993,75.24,0.07748000000000001,0.33031,0.07567,64.38242938452396,75.24,10.627570615476046
8,1993,75.01,0.05919,0.2735,0.07193000000000001,64.20946506569605,75.01,10.540534934303949
9,1993,74.75,0.13598,0.38475,0.09331999999999999,64.2043709449072,74.75,10.395629055092797
10,1993,74.6,0.08673,0.6902,0.07458,64.17260186854872,74.6,10.347398131451271
11,1993,74.52,0.08757,1.06154,0.06519,64.33299826440462,74.52,10.22700173559538
12,1993,74.56,0.06484000000000001,1.3106600000000002,0.05096,64.58393608542616,74.56,9.966063914573837
1,1994,74.55,0.09356,0.6295599999999999,0.05262,64.00885915331463,74.55,10.511140846685365
2,1994,74.52,0.07742,0.96701,0.06909,64.51652043889443,74.52,10.033479561105565
3,1994,74.55,0.08881,1.64304,0.05781,64.8894202149508,74.55,9.980579785049201
4,1994,74.87,0.09713,3.1379200000000003,0.05045,66.93326162975747,74.87,8.166738370242527
5,1994,75.1,0.08236,1.2956800000000002,0.05374,65.13114550912135,75.1,9.948854490878645
6,1994,75.08,0.10645,0.6565,0.07506,64.46700758130393,75.08,10.552992418696064
7,1994,75.02,0.07952,0.43843,0.08231999999999999,64.4432961424492,75.02,10.486703857550808
8,1994,74.93,0.07515999999999999,0.42668,0.0726,63.930437123433954,74.93,10.849562876566047
9,1994,74.78,0.07016,0.35052999999999995,0.06284000000000001,64.10233522891718,74.78,10.51766477108282
10,1994,74.62,0.07465000000000001,0.45525,0.04945,64.13093349733234,74.62,10.40906650266767
11,1994,74.54,0.07214,0.96674,0.053219999999999996,64.34710475073841,74.54,10.15289524926159
12,1994,74.5,0.12483,1.08283,0.05007,64.42465589929944,74.5,10.115344100700568
1,1995,74.54,0.05263,1.71044,0.04248,65.34318828125204,74.54,9.376811718747959
2,1995,74.72,0.09221,0.80477,0.05213,64.32445625860177,74.72,10.395543741398228
3,1995,74.72,0.06541,1.49569,0.06776,65.0258723785058,74.72,9.674127621494208
4,1995,74.7,0.053950000000000005,0.68713,0.038560000000000004,64.21446717792223,74.7,10.585532822077766
5,1995,74.8,0.08903,0.56852,0.04746,64.54741136362234,74.8,10.35258863637766
6,1995,74.9,0.09146,0.41473000000000004,0.05154,64.05981707318438,74.9,10.85018292681562
7,1995,74.91,0.05982,0.24563,0.07714,63.71560705836893,74.91,11.164392941631064
8,1995,74.88,0.08187,0.23436,0.0528,63.80966374133278,74.88,10.890336258667226
9,1995,74.7,0.06459000000000001,0.24891999999999997,0.05133,63.860278583130274,74.7,10.789721416869732
10,1995,74.65,0.032060000000000005,0.93191,0.0677,64.00213085674667,74.65,10.697869143253328
11,1995,74.7,0.06299,1.6570799999999999,0.04947,65.50812244444067,74.7,9.141877555559333
12,1995,74.65,0.06833,0.98276,0.060039999999999996,64.78553431535937,74.65,9.834465684640634
1,1996,74.62,0.11101000000000001,1.93973,0.06536,65.58291186565914,74.62,9.167088134340858
2,1996,74.75,0.053009999999999995,1.98796,0.09381999999999999,65.54865656020883,74.75,9.22134343979117
3,1996,74.77,0.03201,1.60256,0.07689,65.22679708509438,74.77,9.593202914905618
4,1996,74.82,0.10238,2.6309699999999996,0.07879000000000001,66.03076142183868,74.82,9.09923857816132
5,1996,75.13,0.09486,2.61748,0.06329,66.43604583442668,75.13,8.793954165573325
6,1996,75.23,0.06676,1.10474,0.06637,64.98479066516836,75.23,10.165209334831644
7,1996,75.15,0.13022999999999998,0.72063,0.08351,64.67229376022982,75.15,10.317706239770175
8,1996,74.99,0.05391,0.38953,0.08676,64.33613299481455,74.99,10.49386700518545
9,1996,74.83,0.07479999999999999,0.58527,0.06199,64.07254625851498,74.83,10.66745374148502
10,1996,74.74,0.06933,0.9999,0.05289,64.51132283214604,74.74,10.208677167853963
11,1996,74.72,0.08447,1.85486,0.060450000000000004,65.4149803991189,74.72,9.3150196008811
12,1996,74.73,0.08728,2.3151100000000002,0.062439999999999996,65.85198127598788,74.73,8.95801872401212
1,1997,74.81,0.07572,1.5812599999999999,0.07833,64.97924304426743,74.81,9.920756955732571
2,1997,74.9,0.1047,1.69503,0.05921,65.53585868899373,74.9,9.474141311006278
3,1997,75.01,0.07623999999999999,2.4010100000000003,0.08504,65.93030224584383,75.01,9.239697754156168
4,1997,75.17,0.1134,2.2862199999999997,0.08618,66.17332820181309,75.17,9.156671798186906
5,1997,75.33,0.0443,1.39097,0.08738,65.1760501609367,75.33,10.1239498390633
6,1997,75.3,0.0703,0.6958300000000001,0.09467,64.80703567025965,75.3,10.382964329740346
7,1997,75.19,0.07372,0.38708,0.08606,64.16141678464393,75.19,10.848583215356072
8,1997,75.01,0.09212999999999999,0.30172000000000004,0.10006,63.86441259338521,75.01,11.005587406614794
9,1997,74.87,0.08276,0.38229,0.06823,64.30587307140398,74.87,10.434126928596015
10,1997,74.74,0.05717,0.54935,0.09179999999999999,64.08608044006446,74.74,10.543919559935532
11,1997,74.63,0.073,1.14771,0.08785,64.46923856439307,74.63,10.120761435606937
12,1997,74.59,0.09304000000000001,1.16832,0.07506,64.48704927265203,74.59,10.332950727347963
1,1998,74.82,0.10357999999999999,2.79627,0.06722,66.31925566240857,74.82,8.740744337591437
2,1998,75.06,0.06038,1.5337,0.0932,65.5302291497432,75.06,9.6197708502568
3,1998,75.15,0.0165,2.55917,0.06709999999999999,66.53182919305075,75.15,8.888170806949248
4,1998,75.42,0.02646,1.7786300000000002,0.07415000000000001,66.24437778016807,75.42,9.105622219831929
5,1998,75.35,0.11017,0.81368,0.09006,64.69757562769053,75.35,10.482424372309481
6,1998,75.18,0.03199,0.67932,0.08262,64.42095061845919,75.18,10.719049381540813
7,1998,75.14,0.02013,0.82626,0.08076,64.60728696186729,75.14,10.322713038132719
8,1998,74.93,0.08379,0.4502,0.052829999999999995,64.43177889865215,74.93,10.298221101347849
9,1998,74.73,0.09015000000000001,0.40245,0.09755,63.84017313582551,74.73,10.669826864174496
10,1998,74.51,0.10998000000000001,0.47541,0.08829000000000001,63.679303011159014,74.51,10.66069698884099
11,1998,74.34,0.09619,0.50608,0.05991,63.86171560444503,74.34,10.428284395554975
12,1998,74.29,0.03073,0.58208,0.08735,63.723313362992386,74.29,10.596686637007608
1,1999,74.32,0.07814,1.01149,0.06563,64.00832483201012,74.32,10.42167516798989
2,1999,74.43,0.0562,1.31716,0.05034,64.26357573354024,74.43,10.236424266459764
3,1999,74.5,0.07665000000000001,1.45505,0.07167,64.6725606403249,74.5,9.957439359675092
4,1999,74.63,0.057659999999999996,1.64397,0.07737000000000001,65.23767006384617,74.63,9.472329936153827
5,1999,74.71,0.07325,0.51024,0.07679000000000001,63.837558596592416,74.71,10.942441403407585
6,1999,74.78,0.11159999999999999,0.33352,0.06941,64.0628171185321,74.78,10.747182881467907
7,1999,74.81,0.07398,0.3679,0.07054,63.99975132072879,74.81,10.730248679271213
8,1999,74.73,0.15315,0.24301,0.07812000000000001,63.86934990868427,74.73,10.710650091315728
9,1999,74.58,0.11384,0.35520999999999997,0.10046,63.64829154485645,74.58,10.82170845514355
10,1999,74.47,0.10901000000000001,0.55884,0.07401,63.81601014297562,74.47,10.613989857024386
11,1999,74.43,0.0787,0.83214,0.09891,63.901760999281976,74.43,10.568239000718023
12,1999,74.47,0.14798,1.0208,0.10141,64.30707426262748,74.47,10.19292573737252
1,2000,74.5,0.08789,0.96726,0.046689999999999995,64.56260135855209,74.5,9.887398641447916
2,2000,74.45,0.05282,1.01668,0.09004000000000001,64.24658446999776,74.45,10.333415530002242
3,2000,74.58,0.08689,1.78559,0.08874,65.10561886542557,74.58,9.714381134574424
4,2000,74.82,0.07775,2.22142,0.05808,65.86592006659984,74.82,9.234079933400153
5,2000,75.1,0.18206999999999998,1.98951,0.055479999999999995,66.01834173923834,75.1,9.241658260761668
6,2000,75.26,0.11499,1.24487,0.05586,65.34826095670387,75.26,9.891739043296127
7,2000,75.24,0.06305,0.70514,0.0732,64.49094323454783,75.24,10.569056765452174
8,2000,75.06,0.07643000000000001,0.67334,0.08206999999999999,64.45804952406708,75.06,10.351950475932924
9,2000,74.81,0.0578,0.48033,0.09259,64.17020585254397,74.81,10.439794147456027
10,2000,74.61,0.07537999999999999,0.52958,0.10781,63.99576536949424,74.61,10.464234630505757
11,2000,74.46,0.08853,0.6943400000000001,0.07456,64.04913281138815,74.46,10.420867188611851
12,2000,74.47,0.09595999999999999,1.0836199999999998,0.09709999999999999,64.32100935063873,74.47,10.168990649361263
1,2001,74.49,0.07551999999999999,0.66962,0.06427,64.20694893402734,74.49,10.34305106597266
2,2001,74.55,0.05899,1.3904,0.08534,64.73251369270506,74.55,9.91748630729495
3,2001,74.65,0.15538,1.5013599999999998,0.06943,65.16828609738216,74.65,9.671713902617839
4,2001,74.84,0.1187,2.68114,0.06654,66.36551212570677,74.84,8.564487874293235
5,2001,74.93,0.06066,0.73049,0.07331,64.30103298675058,74.93,10.68896701324941
6,2001,74.99,0.10436,0.57564,0.06838,64.04966226657817,74.99,10.920337733421832
7,2001,74.97,0.08304,0.32173,0.08654,63.91130690015118,74.97,10.908693099848811
8,2001,74.82,0.08293,0.2276,0.07967,63.81669729158442,74.82,10.813302708415577
9,2001,74.63,0.07179,0.38609,0.06481999999999999,64.25856127752404,74.63,10.271438722475963
10,2001,74.53,0.08356999999999999,0.50847,0.07135999999999999,64.02620347850285,74.53,10.443796521497148
11,2001,74.47,0.0907,0.67214,0.07948999999999999,63.943216130610296,74.47,10.5767838693897
12,2001,74.52,0.09862,1.03227,0.08174,64.58512457937304,74.52,9.974875420626958
1,2002,74.56,0.13655,0.86574,0.07287,64.20000111221594,74.56,10.479998887784063
2,2002,74.68,0.05293,1.39813,0.07229000000000001,64.820045866334,74.68,9.969954133666008
3,2002,74.79,0.05941,1.63709,0.07392,65.18253490121747,74.79,9.797465098782538
4,2002,74.98,0.056100000000000004,2.31903,0.08238,66.18705396378506,74.98,9.032946036214938
5,2002,75.22,0.1061,2.02499,0.08258,66.05657659158032,75.22,9.273423408419674
6,2002,75.33,0.10056999999999999,1.31798,0.06625,65.51459942355658,75.33,9.675400576443423
7,2002,75.19,0.13223,0.40506,0.09769,64.34646899247119,75.19,10.563531007528809
8,2002,74.91,0.08043,0.22972,0.08839,63.97358258061573,74.91,10.67641741938428
9,2002,74.65,0.0516,0.26888999999999996,0.06986,63.69297251173102,74.65,10.797027488268974
10,2002,74.49,0.10488,0.43173,0.07021,63.955983861692964,74.49,10.404016138307036
11,2002,74.36,0.06501,0.70758,0.09240999999999999,63.72463242606479,74.36,10.595367573935206
12,2002,74.32,0.04872,0.89328,0.06039,63.78336140634303,74.32,10.546638593656965
1,2003,74.33,0.07476999999999999,0.8705499999999999,0.08473,63.92423792857162,74.33,10.365762071428385
2,2003,74.29,0.07820999999999999,0.77943,0.06498000000000001,64.08365146845777,74.29,10.26634853154222
3,2003,74.35,0.0505,2.3844499999999997,0.08427,65.554692539834,74.35,9.17530746016601
4,2003,74.73,0.08925,2.23217,0.061649999999999996,65.84285757094649,74.73,9.10714242905351
5,2003,74.95,0.04931,1.55534,0.06942,65.26553873348146,74.95,9.854461266518541
6,2003,75.12,0.04777,1.0635,0.12846000000000002,64.87411000656387,75.12,10.17588999343613
7,2003,75.05,0.02599,0.41034,0.0636,64.01455277400402,75.05,10.975447225995978
8,2003,74.99,0.10790999999999999,0.69689,0.06344,64.32641055632304,74.99,10.42358944367696
9,2003,74.75,0.22532,0.391,0.06341,64.21171575183608,74.75,10.418284248163914
10,2003,74.63,0.0304,0.9895499999999999,0.05802,64.66624856728474,74.63,9.973751432715261
11,2003,74.64,0.04039,1.88541,0.076,65.52862968272304,74.64,9.201370317276968
12,2003,74.73,0.06697,2.07769,0.0836,65.5595094803537,74.73,9.270490519646302
1,2004,74.83,0.11666,1.3089600000000001,0.09225,64.96546441738595,74.83,9.784535582614055
2,2004,74.75,0.06724,0.7126399999999999,0.09214,63.89369186184201,74.75,10.82630813815799
3,2004,74.72,0.04229,2.25732,0.08045000000000001,65.80329085898654,74.72,9.086709141013458
4,2004,74.89,0.08145000000000001,2.36584,0.06514,65.95698445958328,74.89,9.083015540416724
5,2004,75.04,0.0104,1.71164,0.053649999999999996,65.44576982651027,75.04,9.694230173489728
6,2004,75.14,0.03638,0.83308,0.08524,64.74306346613118,75.14,10.346936533868828
7,2004,75.09,0.09422,0.72287,0.09334999999999999,64.55223603380594,75.09,10.467763966194056
8,2004,75.02,0.027309999999999997,0.72312,0.08197,64.20384254257736,75.02,10.74615745742264
9,2004,74.95,0.10136,1.5537699999999999,0.07489,65.16691716410821,74.95,9.53308283589179
10,2004,74.7,0.07951000000000001,0.54113,0.07737999999999999,63.91032529699672,74.7,10.589674703003283
11,2004,74.5,0.05901,0.93002,0.09334999999999999,64.24471316507035,74.5,10.305286834929646
12,2004,74.55,0.10218,1.9852400000000001,0.06036,65.1308668388661,74.55,9.609133161133897
1,2005,74.74,0.0496,1.96129,0.046869999999999995,65.43582942013687,74.74,9.414170579863125
2,2005,74.85,0.08220999999999999,1.39483,0.1032,65.09373011385965,74.85,9.746269886140354
3,2005,74.84,0.09904,1.3778599999999999,0.060149999999999995,64.90536845015562,74.84,10.12463154984438
4,2005,75.03,0.043590000000000004,2.89752,0.06838,66.78565880633982,75.03,8.324341193660175
5,2005,75.11,0.046310000000000004,0.8702300000000001,0.053579999999999996,64.69154456345187,75.11,10.328455436548126
6,2005,75.02,0.09043000000000001,0.50554,0.07232,64.26770306075655,75.02,10.672296939243452
7,2005,74.94,0.07623,0.44891000000000003,0.08901,64.00345431444231,74.94,10.786545685557698
8,2005,74.79,0.06705,0.29275999999999996,0.07959000000000001,63.89978127577568,74.79,10.790218724224317
9,2005,74.69,0.09822,0.7008,0.09112999999999999,64.16047026473831,74.69,10.439529735261686
10,2005,74.6,0.09773,1.3854600000000001,0.10415,64.64462428834734,74.6,9.935375711652654
11,2005,74.58,0.10045,1.62526,0.07651999999999999,64.93973277783357,74.58,9.610267222166428
12,2005,74.55,0.04323,1.62523,0.07395,65.00185554668211,74.55,9.628144453317887
1,2006,74.63,0.10581,2.1501799999999998,0.09885,65.50180217202143,74.63,9.358197827978572
2,2006,74.86,0.03098,1.96633,0.053759999999999995,65.61063266355144,74.86,9.209367336448551
3,2006,74.82,0.0775,1.6785999999999999,0.08151,65.06498870846792,74.82,9.765011291532076
4,2006,74.83,0.07956999999999999,1.21917,0.07305,64.75095069226026,74.83,10.089049307739742
5,2006,74.84,0.06528,0.72846,0.09026999999999999,64.57176675838349,74.84,10.318233241616511
6,2006,74.89,0.11145999999999999,0.85346,0.10511,64.52427554967826,74.89,10.455724450321739
7,2006,74.98,0.09416,1.13165,0.08020999999999999,65.02249821829187,74.98,9.92750178170813
8,2006,74.95,0.11873,0.46514999999999995,0.07377,64.15374403895439,74.95,10.656255961045616
9,2006,74.81,0.06799,0.73064,0.06455,64.42940420888398,74.81,10.310595791116015
10,2006,74.74,0.07472,1.9013699999999998,0.08147,65.41186554158718,74.74,9.37813445841283
11,2006,74.79,0.08136,2.26281,0.085,65.93046993099856,74.79,8.899530069001443
12,2006,74.83,0.02926,2.14579,0.06774,65.60994474801241,74.83,9.370055251987594
1,2007,74.98,0.16711,2.10907,0.06677,65.98553294364407,74.98,8.984467056355925
2,2007,74.97,0.08965999999999999,0.84014,0.0803,64.54153623501227,74.97,10.30846376498772
3,2007,74.85,0.054049999999999994,2.49354,0.08272,65.72960094770583,74.85,9.280399052294172
4,2007,75.01,0.047009999999999996,2.76757,0.08381,66.56258846677343,75.01,8.487411533226563
5,2007,75.05,0.08475,0.97064,0.08521,64.8467157068998,75.05,10.133284293100203
6,2007,74.98,0.03928,0.40476999999999996,0.06484000000000001,64.18050063636448,74.98,10.679499363635514
7,2007,74.86,0.09154000000000001,0.3362,0.08028,64.16116192283538,74.86,10.548838077164618
8,2007,74.71,0.07535,0.22903,0.10361,63.89214092333822,74.71,10.667859076661784
9,2007,74.56,0.08802,0.21774000000000002,0.08658,63.5326258885987,74.56,10.8873741114013
10,2007,74.42,0.05169,0.57782,0.10292,63.846505286188716,74.42,10.463494713811286
11,2007,74.31,0.09895999999999999,0.94589,0.08503,64.06415353871952,74.31,10.25584646128047
12,2007,74.32,0.16101,1.5286099999999998,0.09090000000000001,64.81447948518874,74.32,9.745520514811261
1,2008,74.56,0.07102,1.8573499999999998,0.06751,65.25582248137351,74.56,9.494177518626486
2,2008,74.75,0.11023999999999999,1.9875399999999999,0.10294,65.5687991868603,74.75,9.301200813139701
3,2008,74.87,0.09318000000000001,2.18702,0.08020000000000001,65.94196455911217,74.87,9.238035440887842
4,2008,75.18,0.07918,3.0975300000000003,0.08667,66.95380972193917,75.18,8.346190278060831
5,2008,75.3,0.10599,0.8363700000000001,0.09151999999999999,64.76915145081345,75.3,10.420848549186545
6,2008,75.19,0.11292,0.54757,0.07467,64.34124329297543,75.19,10.77875670702457
7,2008,75.12,0.11314,0.67714,0.07842,64.49836159233826,75.12,10.561638407661746
8,2008,75.06,0.07909000000000001,0.8559,0.07193000000000001,64.4746282787161,75.06,10.335371721283906
9,2008,74.81,0.09464,0.43683999999999995,0.10163,63.90813511465945,74.81,10.691864885340543
10,2008,74.6,0.11102,0.76705,0.0923,64.398132079997,74.6,10.111867920003007
11,2008,74.51,0.15993000000000002,1.35431,0.08305,64.90835469653119,74.51,9.641645303468806
12,2008,74.55,0.09193000000000001,2.24623,0.10826999999999999,65.58468675710648,74.55,9.175313242893523
1,2009,74.76,0.13979,1.40625,0.07365000000000001,65.03810826445869,74.76,9.781891735541308
2,2009,74.82,0.08931,1.79397,0.08657,65.30598246982149,74.82,9.614017530178515
3,2009,74.92,0.11605,2.38036,0.10376,66.01411898575766,74.92,9.105881014242343
4,2009,75.12,0.08671,2.09307,0.11654,66.02769983247323,75.12,9.162300167526766
5,2009,75.19,0.07257,1.2114500000000001,0.06991,65.06564674279677,75.19,10.094353257203224
6,2009,75.16,0.054229999999999993,0.71092,0.07402,64.54689693625924,75.16,10.57310306374076
7,2009,75.12,0.08978,0.7338899999999999,0.07865000000000001,64.76704047370508,75.12,10.262959526294921
8,2009,75.03,0.04278,0.6464500000000001,0.12007,64.49378412236476,75.03,10.286215877635243
9,2009,74.78,0.05497,0.34906,0.0855,64.02254723476317,74.78,10.577452765236828
10,2009,74.6,0.05981,0.81562,0.09115999999999999,64.18109892759048,74.6,10.318901072409517
11,2009,74.5,0.07325,0.82124,0.09279000000000001,64.015989544164,74.5,10.464010455836004
12,2009,74.48,0.07301,1.32446,0.1036,64.62771784550387,74.48,9.882282154496139
1,2010,74.51,0.0509,1.24913,0.06968,64.49538458845565,74.51,10.044615411544356
2,2010,74.54,0.08374,0.85576,0.08603,64.39961636893075,74.54,10.150383631069246
3,2010,74.55,0.0536,2.12979,0.07851000000000001,65.29455073099567,74.55,9.36544926900433
4,2010,74.66,0.13321,0.9420599999999999,0.06893,64.60054408980955,74.66,10.109455910190448
5,2010,74.71,0.055909999999999994,0.72269,0.07558,64.3114016675766,74.71,10.53859833242339
6,2010,74.85,0.104,0.85048,0.07561,64.36825453305966,74.85,10.601745466940343
7,2010,74.97,0.12278,0.62197,0.06131,64.45198700112441,74.97,10.448012998875598
8,2010,74.9,0.08378000000000001,0.5406,0.10904000000000001,64.46821287204054,74.9,10.25178712795946
9,2010,74.72,0.12943000000000002,0.43245999999999996,0.08392000000000001,63.928104857142586,74.72,10.681895142857414
10,2010,74.61,0.09953000000000001,1.63402,0.07611,64.96369017841047,74.61,9.536309821589526
11,2010,74.5,0.08694,1.13925,0.08139,64.40447105478673,74.5,10.11552894521327
12,2010,74.52,0.05815,1.7846,0.11304,64.86407757878688,74.52,9.625922421213119
1,2011,74.49,0.10868000000000001,0.85898,0.08056,64.33257914551427,74.49,10.077420854485723
2,2011,74.41,0.09897,1.00955,0.06297,64.31737844496237,74.41,10.292621555037627
3,2011,74.61,0.08648,3.31664,0.04969,67.01716750269544,74.61,7.832832497304551
4,2011,74.85,0.06114,3.1361999999999997,0.04571,66.83422984177247,74.85,8.395770158227535
5,2011,75.23,0.03417,2.93402,0.06445999999999999,66.74178459749152,75.23,8.588215402508482
6,2011,75.33,0.13085,0.95857,0.06347,65.02380125278783,75.33,10.116198747212167
7,2011,75.14,0.05931,0.36699,0.08244,64.31364186869112,75.14,10.626358131308876
8,2011,74.94,0.07970000000000001,0.45791000000000004,0.06298,64.01260126475589,74.94,10.747398735244118
9,2011,74.76,0.0699,0.6346799999999999,0.09952,64.3610725135364,74.76,10.298927486463597
10,2011,74.66,0.061759999999999995,1.03181,0.07822,64.66182962916105,74.66,9.91817037083895
11,2011,74.58,0.1231,0.98872,0.07956999999999999,64.34432874952651,74.58,10.275671250473494
12,2011,74.62,0.11329,1.62252,0.08742,65.219546742237,74.62,9.580453257762997
1,2012,74.8,0.06992,1.5921500000000002,0.09511,64.89634218347247,74.8,10.093657816527525
2,2012,74.99,0.17681,1.3130899999999999,0.08937,65.14087730400895,74.99,9.829122695991046
3,2012,74.97,0.05796,1.59353,0.09555,65.25770465533884,74.97,9.66229534466116
4,2012,74.92,0.11026000000000001,0.90089,0.09311,64.63090635887562,74.92,10.279093641124376
5,2012,74.91,0.07659,0.9803,0.06513,64.44717542195404,74.91,10.452824578045963
6,2012,74.9,0.12431,0.5151,0.10979000000000001,64.1617517032312,74.9,10.628248296768803
7,2012,74.79,0.05752,0.23946,0.09013,63.96627467849194,74.79,10.683725321508064
8,2012,74.65,0.06888,0.23127,0.08704,63.822985284577705,74.65,10.677014715422295
9,2012,74.5,0.11858,0.30765,0.06376,63.591183917222466,74.5,10.748816082777537
10,2012,74.34,0.09384999999999999,0.61566,0.08020000000000001,63.83996708019172,74.34,10.450032919808287
11,2012,74.29,0.10542,0.6543,0.08449,64.14400794192117,74.29,10.135992058078827
12,2012,74.28,0.12813,1.15733,0.11216,64.19019336491152,74.28,10.189806635088473
1,2013,74.38,0.09018999999999999,1.35825,0.09265000000000001,64.5815251914718,74.38,9.938474808528198
2,2013,74.52,0.09175,1.33503,0.08231000000000001,64.64020355224936,74.52,9.929796447750633
3,2013,74.57,0.05093,1.53324,0.08117,64.9203898244601,74.57,9.799610175539897
4,2013,74.72,0.0997,2.2688699999999997,0.07565999999999999,65.8886948230654,74.72,8.991305176934588
5,2013,74.88,0.08014,0.83238,0.08264,64.47443615878403,74.88,10.625563841215964
6,2013,75.1,0.07611,1.52399,0.055119999999999995,65.63534475796588,75.1,9.504655242034119
7,2013,75.14,0.0819,0.9541499999999999,0.08706,65.09189443989276,75.14,9.89810556010724
8,2013,74.99,0.12498999999999999,0.47456,0.07454999999999999,64.36125241003526,74.99,10.428747589964743
9,2013,74.79,0.08327,0.42131,0.06419,64.03897157479194,74.79,10.601028425208057
10,2013,74.64,0.11669,0.70286,0.08875,64.33790261604567,74.64,10.262097383954327
11,2013,74.6,0.08816,1.44675,0.05037,64.67973202962922,74.6,9.85026797037078
12,2013,74.53,0.09575,1.66062,0.11112999999999999,64.95476219189842,74.53,9.685237808101576
1,2014,74.64,0.09770999999999999,1.64058,0.08323,64.85170289956139,74.64,9.758297100438611
2,2014,74.61,0.04329,0.9321499999999999,0.04889,64.30314783841735,74.61,10.246852161582652
3,2014,74.55,0.09318000000000001,1.28131,0.08181999999999999,64.28675985906736,74.55,10.543240140932639
4,2014,74.83,0.0888,3.94348,0.06338,67.49957344329675,74.83,7.640426556703247
5,2014,75.14,0.02463,2.01018,0.09631999999999999,65.86407088752057,75.14,9.305929112479433
6,2014,75.17,0.07289,1.05853,0.11212000000000001,65.08438459707591,75.17,10.005615402924093
7,2014,75.09,0.05926,0.64998,0.11012999999999999,64.29482625095426,75.09,10.665173749045735
8,2014,74.96,0.03364,0.77944,0.05823,64.3145433406921,74.96,10.465456659307904
9,2014,74.78,0.06041,0.41462,0.07715000000000001,63.54020473457906,74.78,11.04979526542094
10,2014,74.59,0.0867,0.6334,0.09953000000000001,63.862398148957595,74.59,10.597601851042398
11,2014,74.46,0.14207,0.92779,0.09493,64.25149862028074,74.46,10.208501379719252
12,2014,74.46,0.05647,1.36826,0.11522,64.78377264645309,74.46,9.776227353546915
1,2015,74.56,0.06189,0.9209400000000001,0.07421,64.50819331645214,74.56,9.991806683547864
2,2015,74.5,0.06049,0.46892,0.11329,64.0012142973267,74.5,10.408785702673299
3,2015,74.41,0.09956999999999999,1.07267,0.11475,64.38205801796092,74.41,10.23794198203909
4,2015,74.62,0.07007,2.5683800000000003,0.09547,66.10027781151638,74.62,8.709722188483624
5,2015,74.81,0.06409000000000001,0.6853899999999999,0.12067,64.42971654950652,74.81,10.590283450493473
6,2015,75.02,0.09806999999999999,1.7985,0.11555,65.52271676756254,75.02,9.687283232437451
7,2015,75.21,0.048100000000000004,0.9325399999999999,0.13027,64.93635817911118,75.21,10.173641820888818
8,2015,75.11,0.05916,0.35034,0.09865,64.24176114903004,75.11,10.668238850969956
9,2015,74.91,0.08473,0.30263,0.09082,63.909155989851136,74.91,10.760844010148865
10,2015,74.67,0.05037,0.6430800000000001,0.14195,63.83697352346306,74.67,10.723026476536944
11,2015,74.56,0.11067,0.8117000000000001,0.08721999999999999,64.29949845867867,74.56,10.170501541321329
12,2015,74.47,0.03504,1.14843,0.14078,64.3347563768126,74.47,10.295243623187389
1,2016,74.63,0.060840000000000005,1.35664,0.11328,64.76931297348311,74.63,10.050687026516883
2,2016,74.82,0.07561,1.87443,0.12018000000000001,65.3987871829158,74.82,9.571212817084202
3,2016,74.97,0.07464,2.10339,0.14205,65.78970086844058,74.97,9.320299131559423
4,2016,75.11,0.07131,1.41725,0.09423000000000001,65.66008050879609,75.11,9.429919491203918
5,2016,75.09,0.05745,0.67395,0.07385,64.58325187466582,75.09,10.436748125334177
6,2016,75.02,0.08323,0.36563999999999997,0.11339,64.08455411192732,75.02,10.865445888072685
7,2016,74.95,0.06167,0.23011,0.09006,63.851150789665716,74.95,10.988849210334287
8,2016,74.84,0.08267000000000001,0.282,0.14418999999999998,63.75520412345773,74.84,10.944795876542273
9,2016,74.7,0.08142,0.23364,0.12612,63.813597271569876,74.7,10.72640272843013
10,2016,74.54,0.08951,0.69862,0.1172,63.961342979965174,74.54,10.51865702003483
11,2016,74.48,0.09218000000000001,0.7383200000000001,0.09376000000000001,64.09181953835252,74.48,10.36818046164747
12,2016,74.46,0.10805,1.2578699999999998,0.07695,64.79772222572603,74.46,9.82227777427397
1,2017,74.62,0.11754,1.7688599999999999,0.06445999999999999,65.4239718180306,74.62,9.396028181969399
2,2017,74.82,0.07829000000000001,1.70574,0.05044,65.26995818991779,74.82,9.730041810082213
3,2017,75.0,0.09619,1.88952,0.07236,65.69711477699684,75.0,9.652885223003153
4,2017,75.35,0.05773,3.10746,0.08283,67.31963478757504,75.35,8.480365212424957
5,2017,75.8,0.1333,2.42767,0.11279,66.67153920248882,75.8,9.138460797511186
6,2017,75.81,0.08341,1.3131199999999998,0.10318000000000001,65.87001087316254,75.81,9.819989126837456
7,2017,75.69,0.08031999999999999,1.30091,0.11026999999999999,65.54144091695612,75.69,9.888559083043887
8,2017,75.43,0.07396,0.6383,0.13826,64.79021925664037,75.43,10.289780743359628
9,2017,75.08,0.05677,0.4097,0.10784,63.77649865511888,75.08,11.083501344881121
10,2017,74.86,0.07439,0.7429600000000001,0.08142,64.23919360241526,74.86,10.630806397584749
11,2017,74.87,0.13288999999999998,2.2517199999999997,0.14309,65.77787763667988,74.87,8.99212236332012
12,2017,74.77,0.07576000000000001,1.0518800000000001,0.09548999999999999,64.742541278061,74.77,10.087458721939
1,2018,74.83,0.08404,1.98963,0.13435,65.61519140313295,74.83,9.284808596867052
2,2018,74.9,0.09818,2.09718,0.09239,65.72234935162535,74.9,9.207650648374653
3,2018,74.93,0.06489,1.5929200000000001,0.09739,65.25522591697849,74.93,9.754774083021516
4,2018,75.01,0.04851,2.57906,0.11862,66.33249185419035,75.01,8.927508145809654
5,2018,75.26,0.05485,1.2429400000000002,0.14535,65.16567524772461,75.26,10.054324752275392
6,2018,75.22,0.14456,0.45250999999999997,0.09781000000000001,64.51053927815086,75.22,10.549460721849144
7,2018,75.06,0.07672,0.37767,0.10956999999999999,64.07558061756392,75.06,10.834419382436081
8,2018,74.91,0.08569,0.45498,0.09849,63.75337833383156,74.91,10.986621666168432
9,2018,74.74,0.06787,0.38777,0.09779,63.71681841012405,74.74,10.903181589875956
10,2018,74.62,0.05657,0.74134,0.07681,64.19536396324918,74.62,10.424636036750826
11,2018,74.62,0.047560000000000005,1.69517,0.13282,64.96820055002134,74.62,9.741799449978657
12,2018,74.71,0.09734999999999999,1.99582,0.0733,65.66350210203031,74.71,9.166497897969691
1,2019,74.83,0.05486,1.53159,0.08352,65.10757506929748,74.83,9.862424930702517
2,2019,74.97,0.04957,1.84198,0.093,65.60066469369433,74.97,9.369335306305672
3,2019,74.97,0.05468,1.77618,0.10377,65.58251941557533,74.97,9.567480584424672
4,2019,75.15,0.09323999999999999,2.7081,0.13265000000000002,66.38543184116212,75.15,9.314568158837886
5,2019,75.7,0.07898000000000001,2.18408,0.08262,66.66048947075329,75.7,9.249510529246706
6,2019,75.91,0.05681,1.38712,0.10083,65.9366872957524,75.91,9.86331270424759
7,2019,75.8,0.08898,0.58392,0.08519,65.21289824998321,75.8,10.31710175001679
8,2019,75.53,0.11818000000000001,0.34567000000000003,0.10006999999999999,64.72961574429392,75.53,10.510384255706072
9,2019,75.24,0.07175,0.38038,0.11942,64.18111845906121,75.24,10.858881540938796
10,2019,75.04,0.10056,0.9137799999999999,0.08526,64.83365049485539,75.04,10.206349505144615
11,2019,75.04,0.11041,1.58414,0.10872,65.35803397635091,75.04,9.64196602364909
12,2019,75.0,0.1148,1.6267,0.12332,65.23838383414106,75.0,9.811616165858936
1,2020,75.05,0.09140000000000001,2.05594,0.11311,65.80670597294323,75.05,9.31329402705677
2,2020,75.12,0.06584999999999999,1.38378,0.11916,64.70890916579482,75.12,10.471090834205185
3,2020,75.18,0.08076,2.4675100000000003,0.0857,66.39037521322118,75.18,8.929624786778817
4,2020,75.32,0.11623,1.3957899999999999,0.09071,65.44886165551736,75.32,9.911138344482637
5,2020,75.36,0.08349,1.31425,0.10937000000000001,65.69500651652302,75.36,9.594993483476983
6,2020,75.29,0.05043,0.4203,0.07656,64.4095726163368,75.29,10.770427383663204
7,2020,75.18,0.06722,0.44582,0.05249,64.664727284408,75.18,10.385272715591995
8,2020,75.05,0.0844,0.27026999999999995,0.11968999999999999,64.12162364176706,75.05,10.728376358232936
9,2020,74.85,0.08443,-0.99999,0.12816999999999998,62.495743940747175,74.85,12.204256059252828
10,2020,74.7,0.07731,-0.99999,0.07425,62.59599433211029,74.7,12.004005667889707
11,2020,74.6,0.09883,-0.99999,0.09007,62.49540823340242,74.6,12.124591766597582
12,2020,74.62,0.08505,-0.99999,0.09845000000000001,64.75379533089624,74.62,10.076027453913904
